# Epochs: 200 | Run Length: 200 | Memory Size: 1000 | Batch Size: 40 | Initial Epsilon: 1
ep        re             rol_re    
0         -1603.147583   -1603.147583   
1         -1063.527466   -1333.337524   
2         -1180.029297   -1282.234782   
3         -1296.963013   -1285.916840   
4         -1480.139160   -1324.761304   
5         -1540.888184   -1360.782450   
6         -1543.641724   -1386.905204   
7         -1520.452637   -1403.598633   
8         -1520.880005   -1416.629896   
9         -1398.518066   -1414.818713   
10        -1222.774780   -1397.360174   
11        -1151.604492   -1376.880534   
12        -1057.697021   -1352.327956   
13        -1634.464844   -1372.480591   
14        -1575.987061   -1386.047689   
15        -1561.053589   -1396.985558   
16        -1165.435791   -1383.364983   
17        -1440.130493   -1386.518623   
18        -1424.412476   -1388.513036   
19        -1455.657471   -1391.870258   
20        -1418.343994   -1393.130912   
21        -1457.633301   -1386.201660   
22        -1572.580444   -1410.442278   
23        -1304.341675   -1416.361915   
24        -1371.776855   -1419.924479   
25        -1156.934937   -1404.533802   
26        -997.884521    -1378.676485   
27        -1101.580688   -1357.625959   
28        -1251.127075   -1344.800932   
29        -787.123962    -1309.860168   
30        -1127.307373   -1296.945374   
31        -1421.416382   -1306.404497   
32        -1206.530273   -1309.020011   
33        -1086.170288   -1310.375881   
34        -652.613098    -1263.621036   
35        -952.100647    -1233.912159   
36        -954.232788    -1205.015930   
37        -1137.171753   -1203.670024   
38        -1061.214111   -1185.626386   
39        -806.410217    -1156.197707   
40        -1274.239136   -1147.558739   
41        -880.442200    -1121.944368   
42        -271.045990    -1065.440210   
43        -667.052734    -1022.319843   
44        -1517.126099   -1032.452435   
45        -952.918030    -1012.506776   
46        -276.777679    -970.594526    
47        -980.372009    -969.760597    
48        -1502.560181   -988.854858    
49        -135.439209    -935.726865    
50        -434.068512    -918.914700    
51        -1513.306885   -937.295630    
52        -139.995010    -876.275564    
53        -1515.880981   -891.006550    
54        -129.962479    -845.472845    
55        -286.403442    -828.034290    
56        -132.468872    -789.004206    
57        -266.127808    -756.237302    
58        -3.185349      -702.237949    
59        -1.494968      -651.775133    
60        -510.794403    -637.698189    
61        -540.164124    -602.742236    
62        -137.275772    -567.353359    
63        -1043.465454   -604.135238    
64        -416.662567    -592.211897    
65        -3.119575      -520.116348    
66        -443.426300    -495.854837    
67        -260.270325    -495.068773    
68        -132.343903    -454.686482    
69        -131.274689    -389.387173    
70        -323.102081    -398.323500    
71        -0.943021      -377.698477    
72        -1216.674927   -363.573145    
73        -258.888397    -369.234735    
74        -526.025696    -322.098769    
75        -899.814941    -358.758410    
76        -125.256157    -351.084730    
77        -614.112061    -374.020120    
78        -255.099335    -373.494955    
79        -400.120026    -392.396606    
80        -133.152557    -398.666015    
81        -2.235922      -374.448944    
82        -126.911537    -354.770250    
83        -0.650247      -348.264272    
84        -129.541504    -304.744084    
85        -1513.853882   -356.991290    
86        -1.965861      -356.936351    
87        -132.195450    -342.115834    
88        -136.293304    -336.212167    
89        -127.674408    -335.989810    
90        -4.477727      -329.951859    
91        -1.743180      -314.649054    
92        -265.374481    -327.241029    
93        -128.807846    -275.437834    
94        -1509.876465   -335.008695    
95        -1.141107      -310.014190    
96        -250.033981    -279.072240    
97        -266.837646    -285.814216    
98        -390.147949    -275.149258    
99        -131.063614    -269.242795    
100       -474.277740    -272.774115    
101       -256.377472    -278.641968    
102       -135.003860    -284.964251    
103       -130.469193    -285.133663    
104       -789.219666    -322.684587    
105       -245.146622    -328.189593    
106       -132.824249    -262.426277    
107       -370.598114    -279.980194    
108       -1051.929443   -323.777051    
109       -390.753052    -335.894182    
110       -248.805344    -341.662321    
111       -244.718658    -353.102366    
112       -244.859360    -364.679327    
113       -123.533821    -357.925010    
114       -128.962753    -357.932386    
115       -7.259275      -286.379187    
116       -242.234650    -297.859832    
117       -117.183189    -291.533603    
118       -651.752441    -309.862879    
119       -122.324448    -297.109379    
120       -129.718430    -297.045323    
121       -7.658155      -274.825343    
122       -129.301895    -268.774125    
123       -135.769562    -268.810587    
124       -129.520523    -268.765412    
125       -134.674332    -237.596586    
126       -267.524078    -238.662180    
127       -118.215034    -237.966503    
128       -132.202576    -226.614334    
129       -335.541016    -192.500600    
130       -247.271652    -185.668152    
131       -126.301888    -179.834654    
132       -120.617989    -173.925098    
133       -124.847755    -168.210260    
134       -122.265015    -168.149841    
135       -0.501226      -162.032625    
136       -125.292450    -167.653253    
137       -120.359802    -161.849688    
138       -623.003662    -185.936378    
139       -247.201111    -166.672028    
140       -379.587646    -178.922657    
141       -521.528076    -197.580259    
142       -131.022400    -203.454747    
143       -118.945099    -202.961566    
144       -245.667404    -208.194797    
145       -128.758102    -208.158491    
146       -331.758972    -217.543474    
147       -132.228577    -211.100831    
148       -124.789207    -211.413887    
149       -129.393967    -211.280144    
150       -125.845871    -201.294661    
151       -373.826324    -207.321074    
152       -114.235748    -206.746495    
153       -524.960571    -226.000904    
154       -127.104980    -226.108391    
155       -306.713531    -234.891654    
156       -132.708008    -241.187215    
157       -119.527588    -240.912698    
158       -125.867912    -241.174989    
159       -241.380920    -223.002477    
160       -383.360779    -229.486271    
161       -125.500038    -217.386861    
162       -1.858861      -192.640708    
163       -119.035835    -192.069919    
164       -391.521149    -205.049731    
165       -115.849884    -198.867944    
166       -248.377686    -204.564115    
167       -238.872650    -200.140957    
168       -225.950256    -204.603894    
169       -265.348328    -211.297185    
170       -128.047592    -211.233072    
171       -3.456215      -205.404993    
172       -248.991394    -199.460473    
173       -127.123009    -200.074152    
174       -121.513252    -180.862375    
175       -235.220795    -186.010747    
176       -251.457901    -183.379526    
177       -134.233902    -183.452188    
178       -2.032638      -177.857190    
179       -119.868507    -177.571504    
180       -242.355255    -177.617901    
181       -129.813187    -165.544206    
182       -133.189438    -165.910368    
183       -132.074585    -172.111117    
184       -340.393097    -182.651939    
185       -4.490449      -164.221906    
186       -131.620911    -164.972907    
187       -3.067534      -153.291471    
188       -134.014832    -148.298242    
189       -360.587708    -154.709549    
190       -3.569027      -142.243868    
191       -248.696854    -147.989071    
192       -124.362091    -153.746494    
193       -117.538567    -147.486835    
194       -230.046204    -152.387940    
195       -243.343506    -158.189380    
196       -227.632370    -157.828027    
197       -246.736633    -157.603204    
198       -1.782542      -151.295997    
199       -2.036897      -151.296200    
