# Epochs: 1000 | Run Length: 500 | Memory Size: 1000 | Batch Size: 40 | Initial Epsilon: 1
ep        re
0         -10089.772520
1         -25503.795209
2         -24479.069535
3         -15639.910675
4         -466.814407
5         -22956.738250
6         -19285.914021
7         -18149.619392
8         -14875.027719
9         -25025.637970
10        -25093.432965
11        -13970.568538
12        -24425.343798
13        -6898.896425
14        -1681.153464
15        -18440.801948
16        -25058.409504
17        -16084.465556
18        -19561.674085
19        -13750.026267
20        -9517.041723
21        -25645.781449
22        -24034.390504
23        -18628.363851
24        -13694.025666
25        -23223.558913
26        -16835.553130
27        -20810.677705
28        -8694.096939
29        -25562.703257
30        -22936.300032
31        -5211.077940
32        -3419.918571
33        -25687.778024
34        -3397.830762
35        -24993.389488
36        -21345.874407
37        -507.163495
38        -21502.406631
39        -12968.168866
40        -21821.049904
41        -25699.171479
42        -9583.284749
43        -12933.688881
44        -24651.611659
45        -4791.525729
46        -18903.850652
47        -8439.781458
48        -2896.122115
49        -19462.853209
50        -25173.997807
51        -53.754802
52        -11917.318597
53        -21146.317425
54        -199.799639
55        -1085.187523
56        -479.954764
57        -20636.239980
58        -6247.215341
59        -16983.112995
60        -21024.428554
61        -15638.328928
62        -10668.422518
63        -14604.520928
64        -21893.484882
65        -10167.442494
66        -8036.142759
67        -4092.805217
68        -6134.981672
69        -25413.924272
70        -10864.121528
71        -24570.173653
72        -3016.646305
73        -6422.381636
74        -17467.525665
75        -7268.305524
76        -13422.231496
77        -18787.054640
78        -24806.481925
79        -2718.129418
80        -6190.954358
81        -10119.904092
82        -9013.325405
83        -25666.644231
84        -8780.205557
85        -22439.367831
86        -20013.657771
87        -3834.142559
88        -4769.944951
89        -25157.373234
90        -13644.317978
91        -7605.107609
92        -23046.699172
93        -25342.022344
94        -15908.984966
95        -21766.217629
96        -19139.738626
97        -25136.341846
98        -11005.975516
99        -6655.105849
100       -4357.433978
101       -20076.419337
102       -25370.356070
103       -7115.682120
104       -25045.406060
105       -17406.458523
106       -19827.933628
107       -11804.919166
108       -21845.439673
109       -17634.399646
110       -23494.952730
111       -15679.937498
112       -11846.530262
113       -35964.959706
114       -17711.631568
115       -25510.218468
116       -21626.831914
117       -21498.495062
118       -10996.445584
119       -14215.246572
120       -7733.340572
121       -13567.494493
122       -17149.794743
123       -3190.729078
124       -20833.417434
125       -3910.813658
126       -24913.159973
127       -7553.291241
128       -4551.340045
129       -8633.962601
130       -5666.333618
131       -22783.703912
132       -5370.518873
133       -6220.555500
134       -8659.293600
135       -4168.803812
136       -5459.781021
137       -9626.646976
138       -3991.367928
139       -4624.053594
140       -25011.758518
141       -16037.371121
142       -6475.889027
143       -25501.357582
144       -6250.340704
145       -19294.495199
146       -18191.187993
147       -5259.232943
148       -11213.799440
149       -5409.276749
150       -25263.515035
151       -22916.231178
152       -25210.729585
153       -20787.188375
154       -4756.151369
155       -8651.432773
156       -4363.652708
157       -9114.013411
158       -6366.376155
159       -5358.009615
160       -4179.625426
161       -24109.436292
162       -23974.304592
163       -13831.597500
164       -4100.745174
165       -9998.286189
166       -6213.597571
167       -25630.795921
168       -9540.453312
169       -9251.062057
170       -25246.035744
171       -18191.338395
172       -3281.546510
173       -8909.810739
174       -2922.632302
175       -5471.186984
176       -8782.201022
177       -7977.592210
178       -3397.771255
179       -24162.797827
180       -7610.586176
181       -2758.043751
182       -6518.214246
183       -6743.370574
184       -9338.987248
185       -8294.546224
186       -1829.195295
187       -3190.250605
188       -3472.984230
189       -22958.502591
190       -1950.675163
191       -21383.337008
192       -3417.229498
193       -3886.982351
194       -12155.907349
195       -22720.118184
196       -3434.075201
197       -2123.769390
198       -6149.171693
199       -18533.167354
200       -3893.089763
201       -6760.702627
202       -1403.529240
203       -3336.997097
204       -14743.142000
205       -25078.842701
206       -17693.490588
207       -1960.919619
208       -1475.642134
209       -3335.316442
210       -908.292953
211       -4156.601456
212       -3768.542863
213       -24881.633536
214       -18090.999220
215       -24221.921713
216       -15073.382204
217       -1357.577873
218       -1034.001257
219       -23789.282773
220       -622.493792
221       -1678.241516
222       -23847.492075
223       -6512.519084
224       -5536.588776
225       -2687.146033
226       -24084.376127
227       -628.229288
228       -66.649792
229       -656.110263
230       -623.847923
231       -73.603456
232       -3675.587061
233       -2706.835316
234       -23891.786753
235       -36.056802
236       -19629.980033
237       -5003.777573
238       -25722.051055
239       -25401.270926
240       -1046.481264
241       -1194.177684
242       -177.411063
243       -21739.117363
244       -10796.324230
245       -2371.853545
246       -9618.091153
247       -601.855249
248       -154.218622
249       -8807.516097
250       -139.183704
251       -20991.328828
252       -24202.956869
253       -1682.332064
254       -4023.591230
255       -25457.406324
256       -24741.237925
257       -3911.935448
258       -1499.465890
259       -4939.127432
260       -990.075264
261       -1318.590755
262       -104.240430
263       -24068.141974
264       -271.350286
265       -674.925310
266       -4930.827416
267       -6533.850342
268       -13346.901825
269       -3627.140076
270       -6635.463810
271       -1105.973154
272       -36.491255
273       -708.248550
274       -9200.675679
275       -5318.079465
276       -4608.761114
277       -422.017842
278       -9043.204266
279       -3265.970940
280       -5257.684587
281       -19842.494987
282       -24307.715783
283       -1272.309396
284       -7908.684387
285       -3282.474057
286       -23194.658561
287       -5729.559977
288       -3369.452966
289       -399.235597
290       -22779.428777
291       -17.781840
292       -5954.154282
293       -146.105153
294       -813.532939
295       -39.180402
296       -5069.372831
297       -97.414441
298       -22494.348108
299       -2457.958289
300       -811.910156
301       -3730.468221
302       -367.216822
303       -21996.220153
304       -1086.251837
305       -16147.015115
306       -3737.073281
307       -21761.038423
308       -911.495312
309       -25416.918982
310       -111.086706
311       -100.369475
312       -4040.214915
313       -1906.820692
314       -2542.500888
315       -1037.323504
316       -705.139979
317       -261.791518
318       -2473.881667
319       -167.402420
320       -17597.599434
321       -658.767866
322       -10603.637491
323       -1590.644146
324       -1774.559740
325       -6261.095055
326       -335.937780
327       -6030.135669
328       -6927.208284
329       -10186.134975
330       -1495.183393
331       -342.169023
332       -8776.063468
333       -14893.465255
334       -364.581215
335       -978.264940
336       -11540.095141
337       -577.357338
338       -4903.448549
339       -5960.473792
340       -11172.559898
341       -7627.764704
342       -843.721392
343       -326.167075
344       -4838.298428
345       -4840.213096
346       -379.592533
347       -5968.021198
348       -11185.424549
349       -484.806930
350       -11709.050535
351       -681.445251
352       -23773.457376
353       -7484.295927
354       -211.656533
355       -307.202090
356       -902.822036
357       -6307.873858
358       -210.751012
359       -1026.198821
360       -1690.866422
361       -207.220598
362       -179.546547
363       -6905.280323
364       -7200.085825
365       -12528.076966
366       -7239.373587
367       -5699.218945
368       -1044.083849
369       -11955.949139
370       -1541.253674
371       -10523.200550
372       -246.236827
373       -411.212984
374       -415.358311
375       -7328.751182
376       -3815.527879
377       -354.637281
378       -327.602636
379       -2515.166215
380       -11505.292540
381       -6850.313228
382       -5185.908195
383       -7653.721051
384       -1191.204130
385       -13676.084737
386       -1667.081529
387       -14451.610404
388       -553.243226
389       -9729.216652
390       -590.351131
391       -3951.630881
392       -792.620933
393       -4098.025195
394       -1233.898467
395       -6179.217143
396       -2177.114068
397       -5967.369536
398       -25426.662068
399       -25380.209437
400       -776.863078
401       -2223.812616
402       -25403.520122
403       -9988.602545
404       -6243.222841
405       -20.224820
406       -244.906075
407       -3295.230654
408       -1191.932700
409       -1030.483209
410       -367.292350
411       -8983.265253
412       -286.671030
413       -2554.818182
414       -3503.402314
415       -15677.748060
416       -7601.252243
417       -7800.383915
418       -603.839680
419       -11110.641367
420       -816.634615
421       -9706.020162
422       -741.043804
423       -340.664253
424       -11195.792102
425       -531.326329
426       -8027.362468
427       -22115.064092
428       -1463.664408
429       -800.834679
430       -646.229107
431       -4506.399324
432       -1056.131633
433       -7642.877938
434       -18636.553640
435       -8323.175431
436       -3794.028318
437       -5640.471521
438       -1533.138865
439       -2385.070529
440       -4559.257146
441       -8385.217494
442       -964.677808
443       -5947.065863
444       -852.398922
445       -12681.218469
446       -774.969215
447       -6136.912590
448       -5024.361517
449       -640.489576
450       -2944.847924
451       -3962.900611
452       -2196.874353
453       -3065.828865
454       -619.274723
455       -1902.196967
456       -4877.326038
457       -784.176689
458       -3780.179463
459       -2302.245772
460       -12573.899473
461       -10557.980035
462       -8146.800374
463       -14297.488805
464       -1125.937123
465       -2804.834829
466       -939.944742
467       -616.038974
468       -10215.072817
469       -8693.682613
470       -4925.420851
471       -793.538142
472       -2405.016794
473       -11210.536236
474       -9761.469400
475       -2483.431331
476       -523.208382
477       -9126.802631
478       -5655.788080
479       -7128.356758
480       -798.424463
481       -6611.196678
482       -5677.854138
483       -1276.345216
484       -9291.815845
485       -3506.875419
486       -8857.891870
487       -9182.749817
488       -3501.434599
489       -12020.966343
490       -5408.178178
491       -698.956377
492       -1161.947121
493       -15467.740440
494       -20293.570515
495       -10367.880152
496       -9650.575557
497       -7216.125382
498       -2109.297955
499       -2342.479092
500       -1092.816193
501       -935.959704
502       -1384.853738
503       -409.420610
504       -1832.293708
505       -1401.904578
506       -8115.987720
507       -16270.036255
508       -11763.355835
509       -8097.789821
510       -995.998770
511       -383.015417
512       -4202.094880
513       -1910.483225
514       -8888.982305
515       -9368.349863
516       -2457.633664
517       -11406.857966
518       -505.514029
519       -1793.392042
520       -1344.753314
521       -4349.665008
522       -495.005527
523       -23596.732689
524       -5820.485210
525       -6436.015158
526       -4211.395668
527       -724.976047
528       -9789.298054
529       -4172.392181
530       -1202.973110
531       -9040.025170
532       -513.642257
533       -1734.526355
534       -13857.070291
535       -5103.381127
536       -756.072079
537       -6167.397308
538       -3464.931015
539       -1504.745510
540       -1698.500756
541       -1135.903286
542       -10342.113444
543       -1028.672652
544       -11319.513443
545       -322.263510
546       -672.204703
547       -1337.460364
548       -9971.375068
549       -708.297182
550       -9076.158329
551       -1335.110818
552       -682.581595
553       -12356.581011
554       -1556.361080
555       -3901.831129
556       -6019.959146
557       -9359.166267
558       -3168.380650
559       -7126.240488
560       -838.165403
561       -3622.115693
562       -9863.051410
563       -8311.269622
564       -14396.924247
565       -12063.166355
566       -681.121125
567       -3650.310755
568       -11054.363210
569       -9404.982692
570       -10705.577489
571       -1745.602872
572       -12651.066762
573       -13095.198209
574       -6983.233446
575       -1140.406883
576       -702.152545
577       -2702.707004
578       -10590.121714
579       -7393.916252
580       -4232.722356
581       -1937.189194
582       -12203.830443
583       -3593.044218
584       -6184.010072
585       -4278.278424
586       -2883.666922
587       -13444.224743
588       -2428.144853
589       -675.016400
590       -6956.816149
591       -382.425355
592       -1636.686623
593       -250.127291
594       -6524.475029
595       -843.905172
596       -4349.074919
597       -290.987820
598       -10434.072028
599       -332.467348
600       -8629.454834
601       -8878.097864
602       -5522.557799
603       -776.527718
604       -2082.080468
605       -881.129915
606       -6499.060434
607       -14178.555980
608       -8524.805070
609       -5115.726317
610       -6334.422871
611       -1866.892746
612       -605.246268
613       -14333.447601
614       -7873.737976
615       -411.911842
616       -845.018543
617       -2838.606934
618       -2277.652614
619       -861.049852
620       -5986.550357
621       -362.732804
622       -5733.646811
623       -699.592695
624       -3220.757605
625       -7389.023502
626       -3491.177385
627       -940.245727
628       -3293.065381
629       -3323.084743
630       -1402.258610
631       -1068.814615
632       -2033.448780
633       -10931.820741
634       -988.293313
635       -1740.854378
636       -11812.289463
637       -25441.651725
638       -4872.936107
639       -23379.836474
640       -987.526223
641       -4217.667281
642       -8967.984084
643       -1139.882487
644       -3109.339492
645       -10778.199108
646       -12821.566757
647       -1414.713959
648       -1096.411680
649       -1055.205746
650       -8919.596799
651       -989.007552
652       -10780.229759
653       -1109.211784
654       -3624.067707
655       -9326.650236
656       -1105.992528
657       -1347.779352
658       -7453.559258
659       -1678.780865
660       -1157.668529
661       -1387.372852
662       -932.305111
663       -13321.468397
664       -8865.227167
665       -2534.531202
666       -1041.623563
667       -1207.462990
668       -8136.000998
669       -1976.739605
670       -12804.363978
671       -5776.667674
672       -1295.263410
673       -1917.366631
674       -9158.587156
675       -7403.698730
676       -8964.261854
677       -11042.117777
678       -1404.905652
679       -2566.699698
680       -1623.252172
681       -2023.078225
682       -12066.796637
683       -1791.252678
684       -1386.447141
685       -1291.442158
686       -1107.015088
687       -3163.910258
688       -11643.474774
689       -10533.914649
690       -6568.109340
691       -3835.002597
692       -720.038092
693       -25394.902021
694       -409.867686
695       -4840.098057
696       -1375.495063
697       -1850.845434
698       -25417.441895
699       -2726.719609
700       -4752.750600
701       -605.744082
702       -3040.072019
703       -11624.353577
704       -1127.522823
705       -6359.480414
706       -2622.302063
707       -5177.412379
708       -24342.986979
709       -5120.401722
710       -1614.961830
711       -2462.902104
712       -1982.471930
713       -3802.473386
714       -3818.572847
715       -3455.542869
716       -10075.603321
717       -3552.868282
718       -3424.299277
719       -15478.416557
720       -8259.961187
721       -1592.535112
722       -3686.433402
723       -11863.062426
724       -4807.790173
725       -13164.553007
726       -3725.593169
727       -718.235663
728       -9636.309294
729       -2073.251063
730       -2127.962288
731       -3449.408572
732       -2154.506756
733       -1065.783066
734       -10454.025901
735       -1305.620272
736       -1842.702791
737       -15794.307128
738       -3625.181397
739       -4731.166837
740       -9202.104829
741       -2984.810148
742       -4046.087122
743       -897.829850
744       -4521.484971
745       -15034.347604
746       -2949.437222
747       -9447.613250
748       -1192.580768
749       -5299.456164
750       -4411.286747
751       -6083.188852
752       -1097.679300
753       -1571.092050
754       -1755.442388
755       -3972.797872
756       -1141.746941
757       -693.678501
758       -15059.544989
759       -541.791731
760       -12863.668336
761       -2916.274029
762       -11364.061762
763       -1175.361478
764       -11801.994913
765       -670.835283
766       -1011.879073
767       -902.946648
768       -393.916751
769       -8303.080901
770       -7573.208772
771       -13069.275474
772       -861.747947
773       -1235.720380
774       -934.772693
775       -1848.832519
776       -11155.633641
777       -1111.354479
778       -1790.932646
779       -3158.120022
780       -590.904907
781       -16270.308600
782       -1953.868238
783       -3123.712048
784       -734.927295
785       -1145.711693
786       -6966.896826
787       -938.713313
788       -697.708738
789       -1220.628590
790       -457.225896
791       -6566.294349
792       -24024.234265
793       -8924.793419
794       -9472.952739
795       -723.081953
796       -683.433563
797       -9220.188030
798       -11640.431847
799       -6421.638096
800       -1117.689655
801       -1837.848485
802       -25310.201021
803       -4991.104353
804       -25464.129192
805       -4887.557230
806       -582.855659
807       -7523.594138
808       -695.402000
809       -2079.808809
810       -3254.194117
811       -4944.140357
812       -25291.664478
813       -1744.626906
814       -1417.752179
815       -14073.153140
816       -4569.568850
817       -2534.779208
818       -4293.605625
819       -7673.775507
820       -537.454001
821       -1874.941801
822       -17532.755393
823       -482.492422
824       -6967.169664
825       -2292.415695
826       -3872.751607
827       -10078.532890
828       -6321.495491
829       -7513.880633
830       -10551.398784
831       -6708.855117
832       -599.500118
833       -5253.717001
834       -662.085799
835       -1642.342234
836       -3673.906577
837       -11576.950619
838       -11201.506673
839       -419.417589
840       -970.110299
841       -4307.072922
842       -8886.892913
843       -25244.641810
844       -7678.001131
845       -3318.048821
846       -4373.041435
847       -1236.198086
848       -526.280405
849       -1850.840719
850       -999.591688
851       -3306.422825
852       -2942.933963
853       -7004.734282
854       -1223.296525
855       -24986.649904
856       -1360.152795
857       -24693.960767
858       -4099.733896
859       -447.728897
860       -1512.744958
861       -916.215414
862       -1379.217755
863       -7015.939900
864       -596.439399
865       -683.464960
866       -684.512304
867       -750.249690
868       -567.685191
869       -1160.405738
870       -1051.371566
871       -3127.677357
872       -7732.848391
873       -4128.268064
874       -525.701932
875       -5630.425787
876       -8306.313567
877       -4296.555312
878       -6549.453425
879       -8559.281084
880       -1624.652770
881       -535.622782
882       -963.377685
883       -522.422514
884       -6101.067604
885       -593.268481
886       -2491.579019
887       -5913.423231
888       -6576.722615
889       -10739.330404
890       -772.644312
891       -4808.346791
892       -11512.760103
893       -3144.363043
894       -8342.607366
895       -2620.504418
896       -4399.279276
897       -1142.070239
898       -6098.107124
899       -2815.037540
900       -720.342373
901       -12002.998712
902       -6291.606772
903       -808.348745
904       -7065.521753
905       -716.629259
906       -3801.027100
907       -10204.371423
908       -3332.427167
909       -25280.157689
910       -590.165830
911       -7972.936003
912       -6801.570692
913       -871.211485
914       -2349.272372
915       -3269.540149
916       -392.885273
917       -2070.512921
918       -4484.327413
919       -924.078256
920       -505.183867
921       -2563.902172
922       -5021.940042
923       -8159.880622
924       -1394.248480
925       -2868.475490
926       -958.416400
927       -439.950362
928       -3771.447298
929       -426.447776
930       -15720.357365
931       -3420.316779
932       -1278.562950
933       -2510.712301
934       -8033.295854
935       -872.780742
936       -806.212239
937       -10043.113198
938       -2102.063136
939       -2045.511097
940       -12154.414740
941       -9488.367951
942       -537.172130
943       -492.613921
944       -8395.168711
945       -2038.353073
946       -1274.288300
947       -476.100373
948       -2093.945363
949       -5988.367629
950       -2410.459994
951       -535.789223
952       -7032.349780
953       -10326.497885
954       -11069.175594
955       -389.030655
956       -7514.125450
957       -13403.637162
958       -6333.049838
959       -1316.679845
960       -11355.477721
961       -1331.801420
962       -12430.006221
963       -2305.927308
964       -1480.537971
965       -3229.627660
966       -10729.755966
967       -1831.936434
968       -382.605524
969       -431.389048
970       -6898.935370
971       -365.318414
972       -7754.144773
973       -3631.044002
974       -13570.365453
975       -365.301627
976       -4850.374595
977       -825.362005
978       -1065.026151
979       -20976.916617
980       -2569.782556
981       -629.066543
982       -7900.825070
983       -10430.089210
984       -386.203599
985       -1768.680315
986       -2294.959023
987       -506.823408
988       -8240.285864
989       -7256.501965
990       -9427.034106
991       -13701.488357
992       -11274.606156
993       -5553.740368
994       -937.534759
995       -11655.631796
996       -5533.297248
997       -5365.191484
998       -2625.131297
999       -925.581297
