0.121999979019		-0.0114529272541
0.131999969482		-0.0114529272541
0.210000038147		-0.0142108276486
0.280999898911		-0.0169356092811
0.290999889374		-0.0169356092811
0.371000051498		-0.0195240471512
0.446000099182		-0.0218780841678
0.456000089645		-0.0218780841678
0.517999887466		-0.0239085387439
0.602999925613		-0.0255384668708
0.614000082016		-0.0255384668708
0.677999973297		-0.0267060771585
0.798000097275		-0.0273670796305
0.869999885559		-0.0274963341653
0.947000026703		-0.0270888376981
1.03500008583		-0.0261598881334
1.04500007629		-0.0261598881334
1.10800004005		-0.0247445069253
1.19499993324		-0.0228961259127
1.2650001049		-0.0206845588982
1.35199999809		-0.0181933622807
1.36199998856		-0.0181933622807
1.42199993134		-0.0155166704208
1.4319999218		-0.0155166704208
1.52399992943		-0.0127556473017
1.58999991417		-0.0100146410987
1.67000007629		-0.00739724840969
1.68000006676		-0.00739724840969
1.757999897		-0.00500239478424
1.83599996567		-0.00292056449689
1.84599995613		-0.00292056449689
1.92300009727		-0.00123043055646
1.9960000515		4.17447290602e-06
2.08500003815		0.000736648857128
2.09500002861		0.000736648857128
2.15400004387		0.000939385499805
2.24300003052		0.000604818807915
2.25300002098		0.000604818807915
2.31500005722		-0.000254291895544
2.32500004768		-0.000254291895544
2.40100002289		-0.0016053392319
2.47199988365		-0.00339710712433
2.48199987411		-0.00339710712433
2.55900001526		-0.00556171080098
2.63700008392		-0.00801715161651
2.71000003815		-0.0106704393402
2.82899999619		-0.0134210931137
2.83999991417		-0.0134210931137
3.14299988747		-0.0187980793417
3.16599988937		-0.0236467402428
3.17599987984		-0.0236467402428
3.24900007248		-0.0263150352985
3.32699990273		-0.0289402697235
3.33599996567		-0.0289402697235
3.41599988937		-0.0310118477792
3.50699996948		-0.0312407147139
3.58500003815		-0.0285821203142
3.59599995613		-0.0285821203142
3.74900007248		-0.018971202895
3.75999999046		-0.018971202895
3.83299994469		-0.0129835754633
3.84299993515		-0.0129835754633
3.90100002289		-0.00719399517402
3.91100001335		-0.00719399517402
3.96799993515		-0.00240298639983
4.06100010872		0.00304629467428
4.07100009918		0.00304629467428
4.1400001049		0.00848741177469
4.20300006866		0.0129269165918
4.21399998665		0.0129269165918
4.29800009727		0.0164500605315
4.30800008774		0.0164500605315
4.36999988556		0.0195005815476
4.45900011063		0.0221255049109
4.52900004387		0.0242767427117
4.617000103		0.0258895922452
4.85400009155		0.0269085299224
4.85400009155		0.0277048684657
4.93700003624		0.0280778426677
4.9470000267		0.0280778426677
5.0039999485		0.0272867660969
5.10199999809		0.0263531114906
5.11199998856		0.0263531114906
5.17199993134		0.0230548419058
5.1819999218		0.0230548419058
5.24300003052		0.0168042797595
5.33100008965		0.0102797430009
5.40899991989		0.0063647646457
5.49499988556		0.00238952995278
5.57299995422		-0.00137985241599
5.58299994469		-0.00137985241599
5.66000008583		-0.00489913206547
5.67000007629		-0.00489913206547
5.73600006104		-0.00807430129498
5.82299995422		-0.0108005590737
5.83299994469		-0.0108005590737
5.90000009537		-0.0129802385345
5.91000008583		-0.0129802385345
5.99699997902		-0.0145321050659
6.07100009918		-0.0153990415856
6.14499998093		-0.0155486911535
6.38700008392		-0.0149754993618
6.38700008392		-0.0119883082807
6.46700000763		-0.00991578493267
6.53600001335		-0.00698014721274
6.54699993134		-0.00698014721274
6.63100004196		-0.00360865262337
6.69899988174		0.000758797454182
6.70900011063		0.000758797454182
6.78900003433		0.00599585473537
6.7990000248		0.00599585473537
6.86500000954		0.0117247095332
6.9430000782		0.0162938721478
6.95399999619		0.0162938721478
7.03299999237		0.0200575981289
7.04299998283		0.0200575981289
7.09500002861		0.0233032740653
7.16400003433		0.0260293092579
7.25499987602		0.0281610563397
7.2650001049		0.0281610563397
7.32299995422		0.0296232644469
7.33299994469		0.0296232644469
7.57899999619		0.0303609073162
7.57899999619		0.0302085373551
7.65000009537		0.029923889786
7.72399997711		0.0289828442037
7.81699991226		0.0261687934399
7.82699990273		0.0261687934399
7.92000007629		0.0214996617287
7.93000006676		0.0214996617287
7.98900008202		0.0147664640099
7.99900007248		0.0147664640099
8.05800008774		0.00970576051623
8.0680000782		0.00970576051623
8.14400005341		0.00479801092297
8.22600007057		0.000293039978715
8.23600006104		0.000293039978715
8.29399991035		-0.00388888758607
8.382999897		-0.00769087579101
8.4509999752		-0.0110092191026
8.54099988937		-0.0137340184301
8.6099998951		-0.0157671105117
8.69899988174		-0.0170340240002
8.77099990845		-0.0174882560968
8.78099989891		-0.0174882560968
8.87400007248		-0.0171130411327
9.09299993515		-0.0159227661788
9.09699988365		-0.0115385334939
9.18499994278		-0.00876268744469
9.19600009918		-0.00876268744469
9.25600004196		-0.00508260820061
9.34100008011		-0.000999606447294
9.35100007057		-0.000999606447294
9.41199994087		0.00412935996428
9.49900007248		0.00977126508951
9.57299995422		0.0154529530555
9.65700006485		0.0201824214309
9.72799992561		0.0241149161011
9.81399989128		0.0273972228169
9.82399988174		0.0273972228169
9.89299988747		0.0299912914634
9.97199988365		0.0318416878581
10.1940000057		0.0328904539347
10.2009999752		0.0331634879112
10.2109999657		0.0331634879112
10.2880001068		0.0326766446233
10.3599998951		0.0312515608966
10.3699998856		0.0312515608966
10.4449999332		0.0282673239708
10.4549999237		0.0282673239708
10.5160000324		0.024137608707
10.5260000229		0.024137608707
10.6019999981		0.0170164220035
10.6740000248		0.0117431366816
10.6840000153		0.0117431366816
10.7630000114		0.00643220124766
10.7730000019		0.00643220124766
10.8320000172		0.00145124294795
10.9219999313		-0.00322997383773
10.9319999218		-0.00322997383773
10.993999958		-0.00753053743392
11.0829999447		-0.011325865984
11.1559998989		-0.0144871417433
11.2409999371		-0.0168995074928
11.3139998913		-0.0184734594077
11.3980000019		-0.0191509053111
11.4079999924		-0.0191509053111
11.4700000286		-0.0189066100866
11.7139999866		-0.017749980092
11.7139999866		-0.0130980229005
11.7790000439		-0.00999130494893
11.7890000343		-0.00999130494893
11.867000103		-0.00621168967336
11.9370000362		-0.00177112908568
12.0250000954		0.00331289716996
12.0360000134		0.00331289716996
12.1019999981		0.00899750366807
12.1879999638		0.0150756016374
12.257999897		0.0204623807222
12.3480000496		0.0250388160348
12.3580000401		0.0250388160348
12.4159998894		0.0288490504026
12.4259998798		0.0288490504026
12.5039999485		0.0318496823311
12.513999939		0.0318496823311
12.5759999752		0.034013222903
12.5859999657		0.034013222903
12.8299999237		0.0352886728942
12.8299999237		0.03570709005
12.8929998875		0.0353034101427
12.9809999466		0.0339754372835
12.9909999371		0.0339754372835
13.0580000877		0.0312030743808
13.1419999599		0.026418004185
13.1519999504		0.026418004185
13.2179999352		0.0193636752665
13.3059999943		0.0134168025106
13.378000021		0.00743553880602
13.4679999352		0.00190191622823
13.5469999313		-0.00327969086356
13.6319999695		-0.00804270897061
13.7049999237		-0.0122582940385
13.7909998894		-0.0157869830728
13.8009998798		-0.0157869830728
13.8740000725		-0.0185021534562
13.9479999542		-0.0203034225851
14.0209999084		-0.0211244877428
14.0309998989		-0.0211244877428
14.1240000725		-0.0209348276258
14.3550000191		-0.0197418313473
14.361000061		-0.0148538313806
14.4489998817		-0.0114599699154
14.4590001106		-0.0114599699154
14.5279998779		-0.00722281774506
14.5380001068		-0.00722281774506
14.6129999161		-0.00188655557577
14.6840000153		0.0031937120948
14.7730000019		0.00966042280197
14.8499999046		0.0160006023943
14.8599998951		0.0160006023943
14.9259998798		0.021809367463
14.9990000725		0.0266979020089
15.0090000629		0.0266979020089
15.0859999657		0.030785523355
15.1649999619		0.0340647175908
15.2509999275		0.0364561155438
15.260999918		0.0364561155438
15.4779999256		0.0378795340657
15.4869999886		0.0382890440524
15.496999979		0.0382890440524
15.5840001106		0.0376015231013
15.6500000954		0.03596990183
15.6600000858		0.03596990183
15.7230000496		0.0325082167983
15.7319998741		0.0325082167983
15.8090000153		0.0270965732634
15.882999897		0.0202726610005
15.8919999599		0.0202726610005
15.9719998837		0.0140223167837
16.0429999828		0.00767224654555
16.0529999733		0.00767224654555
16.128000021		0.00167012901511
16.2000000477		-0.00398241635412
16.2880001068		-0.00918740779161
16.3710000515		-0.0137937227264
16.379999876		-0.0137937227264
16.4440000057		-0.0176448151469
16.5220000744		-0.0206006392837
16.5320000648		-0.0206006392837
16.6099998951		-0.0225516967475
16.6199998856		-0.0225516967475
16.6849999428		-0.0234257392585
16.7750000954		-0.0231901109219
17.0099999905		-0.0218539070338
17.0150001049		-0.016425544396
17.0250000954		-0.016425544396
17.0829999447		-0.0127612613142
17.1480000019		-0.00844220630825
17.2349998951		-0.00285505177453
17.3039999008		0.00263362680562
17.3139998913		0.00263362680562
17.3929998875		0.009475979954
17.4630000591		0.016527576372
17.5529999733		0.022987190634
17.6210000515		0.0284521766007
17.7090001106		0.0329340770841
17.7779998779		0.0364766828716
17.7880001068		0.0364766828716
17.8729999065		0.0390256270766
18.1080000401		0.0405071601272
18.3269999027		0.04098809883
