0.0		-0.0176516566426
0.266999959946		-0.0149420173839
0.322999954224		-0.0121742766351
0.375		-0.00945297535509
0.456000089645		-0.00945297535509
0.466000080109		-0.00688088964671
0.532999992371		-0.00688088964671
0.542999982834		-0.00455515272915
0.631000041962		-0.00455515272915
0.641000032425		-0.00256357598118
0.699000120163		-0.000981348450296
0.835999965668		-0.000981348450296
0.84500002861		0.000131848515593
0.898000001907		0.000131848515593
0.907999992371		0.000734054425266
0.983000040054		0.000802657508757
1.06100010872		0.000802657508757
1.07100009918		0.000335207878379
1.13300013542		-0.000650456408039
1.22399997711		-0.000650456408039
1.23399996758		-0.00211688689888
1.29299998283		-0.00400846404955
1.38199996948		-0.00400846404955
1.39199995995		-0.00625347718596
1.44900012016		-0.00876684952527
1.53500008583		-0.0114533556625
1.60500001907		-0.0114533556625
1.61500000954		-0.0142112188041
1.69400000572		-0.0142112188041
1.70399999619		-0.0169359650463
1.7650001049		-0.0195243712515
1.84899997711		-0.0218783840537
1.91900014877		-0.0218783840537
1.92900013924		-0.0239088218659
2.00500011444		-0.0255387276411
2.07500004768		-0.0255387276411
2.08500003815		-0.0267063248903
2.16199994087		-0.0273672994226
2.23099994659		-0.0273672994226
2.24099993706		-0.0274965316057
2.31500005722		-0.027089048177
2.38499999046		-0.0261601209641
2.49099993706		-0.0247447676957
2.56200003624		-0.0228964164853
2.64300012589		-0.0228964164853
2.65300011635		-0.0206848792732
2.71399998665		-0.018193712458
2.80400013924		-0.018193712458
2.81299996376		-0.0155170559883
2.8789999485		-0.0155170559883
2.88899993896		-0.0127560701221
2.96000003815		-0.0100150993094
3.04500007629		-0.0100150993094
3.05500006676		-0.00739773828536
3.14199995995		-0.00500290468335
3.22600007057		-0.00500290468335
3.23600006104		-0.00212040822953
3.29100012779		0.00446992740035
3.37700009346		0.00446992740035
3.38700008392		0.0106587652117
3.44400000572		0.0106587652117
3.45399999619		0.0156486351043
3.53100013733		0.0174314118922
3.60199999809		0.0184092056006
3.6890001297		0.0184092056006
3.69799995422		0.0184233356267
3.7610001564		0.0176927596331
3.84400010109		0.0164804123342
3.91400003433		0.0148961227387
4.00099992752		0.0129769518971
4.07299995422		0.0129769518971
4.08299994469		0.0108286468312
4.15700006485		0.0108286468312
4.16700005531		0.00851793121547
4.22699999809		0.00606956938282
4.3140001297		0.00364339235239
4.38499999046		0.00127719191369
4.46799993515		0.00127719191369
4.47800016403		-0.000934415962547
4.54100012779		-0.000934415962547
4.55100011826		-0.00295727723278
4.62400007248		-0.0047801239416
4.69499993324		-0.00547718862072
4.77800011635		-0.00547718862072
4.78900003433		-0.00613400898874
4.85000014305		-0.00674453703687
4.93799996376		-0.00688910996541
5.00800013542		-0.00688910996541
5.01800012589		-0.00664230203256
5.09500002861		-0.00664230203256
5.10500001907		-0.00598697084934
5.16700005531		-0.00598697084934
5.17700004578		-0.00494183041155
5.25		-0.00355502427556
5.32400012016		-0.00355502427556
5.33400011063		-0.00189242942724
5.40799999237		5.97453181399e-05
5.47800016403		0.00215604132973
5.56100010872		0.00215604132973
5.57100009918		0.00447682617232
5.63199996948		0.00687908241525
5.72000002861		0.0088869817555
5.78999996185		0.0105226254091
5.875		0.0105226254091
5.88499999046		0.0121241565794
5.95399999619		0.0121241565794
5.96399998665		0.0135916862637
6.02999997139		0.0135916862637
6.03999996185		0.014784052968
6.13199996948		0.0157483145595
6.2009999752		0.0162733905017
6.28600001335		0.0162733905017
6.29600000381		0.0164387896657
6.35599994659		0.0162393301725
6.4430000782		0.0162393301725
6.45300006866		0.0156973078847
6.51399993896		0.0148327806965
6.59800004959		0.0148327806965
6.60800004005		0.013658660464
6.66600012779		0.01225521788
6.7539999485		0.0106118991971
6.82500004768		0.0106118991971
6.83500003815		0.00889665447176
6.91400003433		0.00700066657737
6.98099994659		0.00700066657737
6.99099993706		0.00515985116363
7.06700015068		0.00515985116363
7.07700014114		0.00326233683154
7.1360001564		0.00326233683154
7.14600014687		0.0015180176124
7.22399997711		-0.000138412011438
7.29600000381		-0.000138412011438
7.30599999428		-0.00116787292063
7.38199996948		-0.00116787292063
7.39199995995		-0.00229125167243
7.45200014114		-0.00304941274226
7.53600001335		-0.00304941274226
7.54600000381		-0.00362934335135
7.60500001907		-0.00391950225458
7.6970000267		-0.0038965085987
7.76399993896		-0.00354331103154
7.84899997711		-0.00288361147977
7.91700005531		-0.0019499984337
8.00600004196		-0.000765708566178
8.07700014114		-0.000765708566178
8.08700013161		0.0007626140723
8.16199994087		0.00250898115337
8.23099994659		0.00428829761222
8.31700015068		0.00590271735564
8.40600013733		0.00590271735564
8.41600012779		0.00723248627037
8.50500011444		0.00891822390258
8.58100008965		0.0103634772822
8.65300011635		0.011795998551
8.73099994659		0.0129541261122
8.83299994469		0.0129541261122
8.84299993515		0.0139857102185
8.90400004387		0.0147025492042
8.99300003052		0.0147025492042
9.00300002098		0.0151399262249
9.06200003624		0.0151399262249
9.0720000267		0.0152664110065
9.14499998093		0.0152664110065
9.15499997139		0.0150889884681
9.21399998665		0.0150889884681
9.22399997711		0.0146471969783
9.31299996376		0.0139361862093
9.3710000515		0.0139361862093
9.38100004196		0.012946930714
9.45700001717		0.012946930714
9.46700000763		0.0117338607088
9.52699995041		0.0103911478072
9.61599993706		0.0103911478072
9.62599992752		0.00888961646706
9.68799996376		0.00888961646706
9.69799995422		0.00729964766651
9.77200007439		0.00729964766651
9.78200006485		0.00555841205642
9.84899997711		0.00400029728189
9.93600010872		0.00267490418628
10.0080001354		0.00122665625531
10.0959999561		0.00122665625531
10.1059999466		-7.92173232185e-05
10.1660001278		-0.00119013816584
10.2490000725		-0.00208792509511
10.3220000267		-0.00208792509511
10.3329999447		-0.00272837351076
10.4070000648		-0.00306474021636
10.4800000191		-0.00311975600198
10.5629999638		-0.00311975600198
10.5729999542		-0.00286677782424
10.6370000839		-0.00286677782424
10.6470000744		-0.0022939555347
10.7230000496		-0.00121858599596
10.7950000763		-0.00121858599596
10.8050000668		0.00012453943782
10.875		0.00012453943782
10.8849999905		0.0015598484315
10.9609999657		0.00259002507664
11.0320000648		0.00259002507664
11.0420000553		0.00396295823157
11.1150000095		0.00563532672822
11.1849999428		0.00563532672822
11.1949999332		0.00729070277885
11.2730000019		0.00729070277885
11.2829999924		0.00908375810832
11.3429999352		0.0106932651252
11.4309999943		0.0106932651252
11.4409999847		0.0122332805768
11.5020000935		0.0122332805768
11.5120000839		0.0135794905946
11.5870001316		0.0147103173658
11.6610000134		0.0155719043687
11.7400000095		0.0161382537335
11.8110001087		0.0161382537335
11.8220000267		0.0163938589394
11.9090001583		0.0163009241223
11.9700000286		0.0159229766577
12.0570001602		0.0159229766577
12.0670001507		0.0151968896389
12.1270000935		0.0141987986863
12.2109999657		0.0141987986863
12.2209999561		0.0128700453788
12.2820000648		0.011351111345
12.368999958		0.00954742450267
12.4420001507		0.00768370274454
12.5230000019		0.00613916618749
12.5950000286		0.00451116915792
12.6809999943		0.00267934077419
12.753000021		0.00267934077419
12.7630000114		0.000914797536097
12.8389999866		0.000914797536097
12.8480000496		-0.000680618046317
12.9140000343		-0.0020547634922
12.986000061		-0.0020547634922
12.9960000515		-0.003138236003
13.0729999542		-0.00389020866714
13.1440000534		-0.00389020866714
13.1540000439		-0.00427642790601
13.2300000191		-0.00431061675772
13.3059999943		-0.00431061675772
13.3159999847		-0.00392318144441
13.378000021		-0.00392318144441
13.3880000114		-0.00307105341926
13.4609999657		-0.00185383134522
13.5320000648		-0.000793352141045
13.621999979		0.00056084478274
13.6949999332		0.00228673568927
13.8010001183		0.00448030931875
13.8710000515		0.00669551640749
13.9570000172		0.00882214121521
14.0269999504		0.00882214121521
14.0369999409		0.0109772011638
14.1130001545		0.013016779907
14.1820001602		0.013016779907
14.1920001507		0.0147707359865
14.2680001259		0.0147707359865
14.2780001163		0.0162932537496
14.3380000591		0.0162932537496
14.3480000496		0.0175622217357
14.4260001183		0.018515933305
14.493999958		0.018515933305
14.5039999485		0.0191299039871
14.5829999447		0.0192137919366
14.6530001163		0.0192137919366
14.6630001068		0.018894251436
14.736000061		0.018894251436
14.7460000515		0.0181918367743
14.8070001602		0.0170212108642
14.8949999809		0.0170212108642
14.9049999714		0.0153872752562
14.9639999866		0.0153872752562
14.9739999771		0.0134752448648
15.0480000973		0.011410580948
15.117000103		0.011410580948
15.1270000935		0.00963425356895
15.2050001621		0.00736956065521
15.2730000019		0.00736956065521
15.2829999924		0.00491391448304
15.3619999886		0.00491391448304
15.371999979		0.00247922586277
15.4309999943		0.000169669263414
15.5210001469		-0.00193285872228
15.5910000801		-0.00372514431365
15.6760001183		-0.00372514431365
15.6860001087		-0.00514218723401
15.7460000515		-0.00514218723401
15.756000042		-0.00612617842853
15.8320000172		-0.00612617842853
15.8420000076		-0.00665379827842
15.9110000134		-0.00650901906192
15.9839999676		-0.00650901906192
15.993999958		-0.00602786755189
16.0690000057		-0.0053293579258
16.1400001049		-0.00427553802729
16.2260000706		-0.00266938377172
16.2969999313		-0.000635310134385
16.3830001354		0.00184158817865
16.4530000687		0.00184158817865
16.4630000591		0.00449777161703
16.5390000343		0.00449777161703
16.5490000248		0.00733895413578
16.6100001335		0.00733895413578
16.620000124		0.0101484935731
16.6970000267		0.0101484935731
16.7070000172		0.012853234075
16.7710001469		0.012853234075
16.7810001373		0.0152838863432
16.853000164		0.0152838863432
16.8630001545		0.0175220947713
16.9240000248		0.0194511543959
17.0069999695		0.021000539884
17.0770001411		0.021000539884
17.0870001316		0.0221588276327
17.1679999828		0.0221588276327
17.1790001392		0.0227411966771
17.2369999886		0.0227338988334
17.3359999657		0.0227338988334
17.3459999561		0.0220122300088
17.4049999714		0.0220122300088
17.4149999619		0.0208486560732
17.4909999371		0.0208486560732
17.5009999275		0.0191898010671
17.5620000362		0.0169582124799
17.6480000019		0.01464814879
17.7170000076		0.01464814879
17.7269999981		0.0122514190152
17.8040001392		0.0122514190152
17.8140001297		0.00956535805017
17.873000145		0.00652144942433
17.9630000591		0.00338749494404
18.0320000648		0.00338749494404
18.0420000553		0.000350866088411
18.1259999275		-0.00244697043672
18.1849999428		-0.00244697043672
18.1949999332		-0.00490262452513
18.2720000744		-0.00691336207092
18.3420000076		-0.00691336207092
18.3519999981		-0.00842573866248
18.4270000458		-0.00842573866248
18.4379999638		-0.00936243496835
18.496999979		-0.00936243496835
18.5069999695		-0.00967422034591
18.5840001106		-0.00943023152649
18.6510000229		-0.00943023152649
18.6619999409		-0.00844805780798
18.753000021		-0.00743962824345
18.8110001087		-0.00565721979365
18.8960001469		-0.00314495922066
18.9650001526		-0.000259686377831
19.0550000668		-0.000259686377831
19.0659999847		0.00642571877688
19.2220001221		0.00999167189002
19.2920000553		0.0132823279127
19.3800001144		0.0164397824556
19.4500000477		0.0193385686725
19.5360000134		0.0193385686725
19.5460000038		0.0218697544187
19.6019999981		0.0239519570023
19.6909999847		0.025491124019
19.7590000629		0.0264164358377
19.8459999561		0.0264164358377
19.8559999466		0.0266573112458
19.9160001278		0.0261021703482
20.0020000935		0.0261021703482
20.0120000839		0.0247801672667
20.0759999752		0.0247801672667
20.0859999657		0.0228646080941
20.1640000343		0.020208330825
20.242000103		0.020208330825
20.2520000935		0.0174268744886
20.3240001202		0.0174268744886
20.3340001106		0.0143897840753
20.4070000648		0.010897227563
20.4790000916		0.010897227563
20.489000082		0.00708600552753
20.5610001087		0.00322711165063
20.6330001354		-0.000500766211189
20.7209999561		-0.00398085918278
20.7899999619		-0.00398085918278
20.7999999523		-0.00705208210275
20.873000145		-0.00958835892379
20.9449999332		-0.00958835892379
20.9550001621		-0.0115358643234
21.0299999714		-0.0127651821822
21.103000164		-0.0132931899279
21.1879999638		-0.012879694812
21.2610001564		-0.0117233339697
21.3420000076		-0.0117233339697
21.3519999981		-0.0105039188638
21.4130001068		-0.0105039188638
21.4230000973		-0.00841030851007
21.503000021		-0.00841030851007
21.5130000114		-0.00550437159836
21.5720000267		-0.00192214432172
21.6560001373		-0.00192214432172
21.6660001278		0.00196382380091
21.7260000706		0.00196382380091
21.736000061		0.00611420534551
21.8120000362		0.00611420534551
21.8220000267		0.0102132335305
21.8849999905		0.0102132335305
21.8949999809		0.0142036145553
21.9660000801		0.0180316530168
22.0369999409		0.0180316530168
22.0469999313		0.0215554665774
22.123000145		0.0246321763843
22.1940000057		0.027142835781
22.2820000648		0.027142835781
22.2920000553		0.0289968959987
22.3500001431		0.0289968959987
22.3600001335		0.0301073063165
22.4340000153		0.0301073063165
22.4440000057		0.0305119492114
22.5080001354		0.0305119492114
22.5180001259		0.0299313850701
22.5929999352		0.0299313850701
22.603000164		0.0284239910543
22.6660001278		0.0284239910543
22.6760001183		0.0261348225176
22.7490000725		0.0231160689145
22.8210000992		0.019599897787
22.9049999714		0.0159940123558
22.9760000706		0.0121188862249
23.0620000362		0.0077250096947
23.1330001354		0.00317966029979
23.2200000286		0.00317966029979
23.2300000191		-0.00123653153423
23.2929999828		-0.00534524768591
23.3770000935		-0.0089731644839
23.4490001202		-0.0089731644839
23.4590001106		-0.011983175762
23.5299999714		-0.011983175762
23.5399999619		-0.0142597779632
23.6019999981		-0.0142597779632
23.6119999886		-0.0157304275781
23.6890001297		-0.0157304275781
23.6990001202		-0.0162782240659
23.7610001564		-0.0158122610301
23.8440001011		-0.014664885588
23.9140000343		-0.0127844531089
24.0		-0.0127844531089
24.0099999905		-0.0101621765643
24.0710000992		-0.0101621765643
24.0810000896		-0.00675760442391
24.1570000648		-0.00675760442391
24.1670000553		-0.00264855800197
24.2290000916		0.00192880851682
24.3120000362		0.00192880851682
24.3220000267		0.00647488515824
24.3840000629		0.00647488515824
24.3940000534		0.0111484788358
24.4709999561		0.0157134588808
24.5420000553		0.0201329309493
24.6259999275		0.0201329309493
24.6360001564		0.0241994857788
24.6940000057		0.0277303103358
24.7820000648		0.0305567085743
24.8540000916		0.0326758250594
24.9360001087		0.033898781985
25.0110001564		0.0342259146273
25.0950000286		0.0342259146273
25.1050000191		0.0336437411606
25.1660001278		0.0320907235146
25.248000145		0.0320907235146
25.2580001354		0.0295208413154
25.3190000057		0.0260728001595
25.4049999714		0.0260728001595
25.4149999619		0.0219054631889
25.4739999771		0.0219054631889
25.4839999676		0.0173941776156
25.5599999428		0.0129993679002
25.6330001354		0.0129993679002
25.6430001259		0.00815012305975
25.7200000286		0.00815012305975
25.7300000191		0.00297256675549
25.7929999828		0.00297256675549
25.8029999733		-0.00202668830752
25.881000042		-0.00202668830752
25.8910000324		-0.00666184118018
25.9470000267		-0.0107400547713
26.0310001373		-0.0107400547713
26.0410001278		-0.0140909934416
26.103000164		-0.016603961587
26.1879999638		-0.0181881915778
26.2590000629		-0.0181881915778
26.2690000534		-0.0188189260662
26.3459999561		-0.0188189260662
26.3559999466		-0.0182565320283
26.4170000553		-0.0169819053262
26.496999979		-0.0169819053262
26.5069999695		-0.0147092081606
26.5720000267		-0.0147092081606
26.5820000172		-0.0117383673787
26.6549999714		-0.0117383673787
26.6649999619		-0.00787827465683
26.7260000706		-0.00787827465683
26.736000061		-0.00314311031252
26.8140001297		0.00177620409522
26.8989999294		0.00177620409522
26.9090001583		0.00697114598006
26.9670000076		0.0121854087338
27.0540001392		0.0174497887492
27.123000145		0.0174497887492
27.1330001354		0.0222842376679
27.2090001106		0.0222842376679
27.2190001011		0.0267975758761
27.2850000858		0.0307159349322
27.3930001259		0.0307159349322
27.4030001163		0.0337570346892
27.4620001316		0.0337570346892
27.4720001221		0.0359228365123
27.5469999313		0.0371410436928
27.617000103		0.0371410436928
27.6270000935		0.0373996719718
27.7030000687		0.0373996719718
27.7130000591		0.0365390516818
27.7769999504		0.0346799753606
27.8589999676		0.0317724868655
27.9300000668		0.0278471093625
28.013999939		0.0278471093625
28.0239999294		0.0230259690434
28.0859999657		0.0184183102101
28.1719999313		0.0184183102101
28.1809999943		0.0133484667167
28.2409999371		0.0133484667167
28.2509999275		0.00781476404518
28.3289999962		0.00781476404518
28.3389999866		0.00217765616253
28.4000000954		-0.00332325790077
28.4869999886		-0.00332325790077
28.496999979		-0.00837640371174
28.5590000153		-0.00837640371174
28.5690000057		-0.0127731962129
28.6410000324		-0.0163362268358
28.7130000591		-0.0189276337624
28.7969999313		-0.0189276337624
28.8080000877		-0.0209613051265
28.9560000896		-0.0202371552587
29.0250000954		-0.0202371552587
29.0350000858		-0.0188437253237
29.111000061		-0.016502071172
29.1820001602		-0.0131953656673
29.263999939		-0.00871229358017
29.3370001316		-0.00871229358017
29.3470001221		-0.00336481677368
29.4190001488		0.00219633802772
29.4909999371		0.00799920968711
29.5759999752		0.00799920968711
29.5859999657		0.0195152089
29.7339999676		0.0195152089
29.743999958		0.0248830411583
29.8029999733		0.0297340415418
29.888999939		0.0338316261768
29.9639999866		0.0370165668428
30.0469999313		0.0391654148698
30.1210000515		0.0391654148698
30.131000042		0.0402470976114
30.2030000687		0.0402619428933
30.2739999294		0.0390455052257
30.3600001335		0.0390455052257
30.368999958		0.0367428474128
30.4430000782		0.0367428474128
30.4539999962		0.0333501584828
30.5099999905		0.0333501584828
30.5199999809		0.028938498348
30.5950000286		0.028938498348
30.6050000191		0.0235844757408
30.6740000248		0.0178113672882
30.753000021		0.0178113672882
30.7630000114		0.0120954429731
30.8210000992		0.0061721522361
30.9090001583		0.0061721522361
30.9190001488		-6.43241146463e-05
30.9760000706		-0.00601482577622
31.0670001507		-0.0114337811247
31.1370000839		-0.0161015987396
31.2220001221		-0.0198283493519
31.2929999828		-0.0224587619305
31.3789999485		-0.0239208377898
31.4479999542		-0.0239208377898
31.4579999447		-0.024183139205
31.5329999924		-0.024183139205
31.5429999828		-0.0232608318329
31.6019999981		-0.0210056696087
31.6930000782		-0.0210056696087
31.7030000687		-0.0181353576481
31.7610001564		-0.014159841463
31.8480000496		-0.014159841463
31.8570001125		-0.00914083607495
31.9160001278		-0.00329294125549
32.0050001144		0.00298846536316
32.0750000477		0.00298846536316
32.0859999657		0.00931450538337
32.1600000858		0.00931450538337
32.1700000763		0.0156316626817
32.2290000916		0.0217199958861
32.3170001507		0.0274794176221
32.3860001564		0.0274794176221
32.3960001469		0.0325560867786
32.4760000706		0.0367897748947
32.5429999828		0.0400108061731
32.6270000935		0.0420694835484
32.7109999657		0.0429295860231
32.7710001469		0.0429295860231
32.7810001373		0.042636744678
32.8440001011		0.0411177873611
32.9309999943		0.0411177873611
32.9409999847		0.0383494570851
33.003000021		0.0383494570851
33.0130000114		0.0345674678683
33.0850000381		0.0295872744173
33.1560001373		0.0238294936717
33.2430000305		0.0173065029085
33.3129999638		0.011022888124
33.4000000954		0.00464148586616
33.4730000496		-0.00181566725951
33.5559999943		-0.00181566725951
33.5659999847		-0.00809989962727
33.628000021		-0.0137775577605
33.7109999657		-0.0137775577605
33.7209999561		-0.018613666296
33.7829999924		-0.018613666296
33.7929999828		-0.022411391139
33.8710000515		-0.0250293519348
33.9420001507		-0.0250293519348
33.9520001411		-0.0263549294323
34.0410001278		-0.0263549294323
34.0499999523		-0.026350799948
34.1089999676		-0.026350799948
34.118999958		-0.025035822764
34.1960000992		-0.025035822764
34.2060000896		-0.0225147176534
34.263999939		-0.0225147176534
34.2739999294		-0.0186794120818
34.3519999981		-0.0186794120818
34.3619999886		-0.0143795199692
34.4240000248		-0.00904604326934
34.506000042		-0.00904604326934
34.5160000324		-0.0027073007077
34.5750000477		-0.0027073007077
34.5850000381		0.00408598128706
34.6610000134		0.0108297970146
34.7300000191		0.0174777787179
34.8190000057		0.0174777787179
34.8289999962		0.023950766772
34.8860001564		0.023950766772
34.8960001469		0.0299170799553
34.9720001221		0.0351516269147
35.0429999828		0.0351516269147
35.0529999733		0.0394236855209
35.131000042		0.0394236855209
35.1410000324		0.0425989367068
35.2020001411		0.0445174500346
35.2850000858		0.0445174500346
35.2960000038		0.0451478511095
35.3650000095		0.0444307662547
35.4290001392		0.042546287179
35.5190000534		0.042546287179
35.5290000439		0.039438713342
35.6000001431		0.0351163819432
35.6760001183		0.0351163819432
35.6849999428		0.0297794248909
35.743999958		0.0235293004662
35.8329999447		0.0235293004662
35.8429999352		0.0165932290256
35.9019999504		0.00996364094317
35.989000082		0.00324859120883
36.0599999428		0.00324859120883
36.0699999332		-0.00340649532154
36.1610000134		-0.00991346407682
36.2300000191		-0.00991346407682
36.2400000095		-0.0157303474844
36.3199999332		-0.0157303474844
36.3300001621		-0.0206116065383
36.3919999599		-0.0206116065383
36.4019999504		-0.0243588965386
36.4730000496		-0.0243588965386
36.4830000401		-0.026825658977
36.5450000763		-0.02790687792
36.6330001354		-0.0275971069932
36.7050001621		-0.0275971069932
36.7150001526		-0.022979028523
36.8659999371		-0.0190791897476
36.9370000362		-0.0190791897476
36.9470000267		-0.0141522688791
37.0230000019		-0.0083678625524
37.114000082		-0.0083678625524
37.1240000725		-0.00159487477504
37.1830000877		-0.00159487477504
37.1930000782		0.00552272796631
37.2539999485		0.0125764841214
37.3359999657		0.0196131300181
37.4060001373		0.0196131300181
37.4160001278		0.0262468084693
37.495000124		0.0262468084693
37.506000042		0.0323640294373
37.5789999962		0.037630867213
37.6510000229		0.037630867213
37.6610000134		0.0418637692928
37.7230000496		0.0418637692928
37.7330000401		0.0448929667473
37.8040001392		0.0465600341558
37.875		0.0465600341558
37.8849999905		0.0468956008554
37.9609999657		0.0458660796285
38.0360000134		0.0458660796285
38.0469999313		0.043475985527
38.1070001125		0.043475985527
38.117000103		0.0399325937033
38.1940000057		0.0351031497121
38.2650001049		0.0351031497121
38.2750000954		0.0293766483665
38.3540000916		0.0227773040533
38.4240000248		0.0227773040533
38.4340000153		0.0154252601787
38.5090000629		0.00829205103219
38.5800001621		0.00131099624559
38.6640000343		-0.0055647729896
38.7369999886		-0.012218547985
38.8220000267		-0.012218547985
38.8320000172		-0.0180672928691
38.8930001259		-0.0229089986533
38.9769999981		-0.0229089986533
38.9869999886		-0.0265338402241
39.0480000973		-0.0287775397301
39.1370000839		-0.0287775397301
39.1470000744		-0.0295804850757
39.2120001316		-0.0295804850757
39.2220001221		-0.0289352983236
39.2850000858		-0.0268716141582
39.367000103		-0.0234492514282
39.4379999638		-0.0234492514282
39.4479999542		-0.0187611412257
39.5250000954		-0.0187611412257
39.5350000858		-0.0132669992745
39.6010000706		-0.0132669992745
39.611000061		-0.00716927181929
39.6790001392		-0.000136686736369
39.7699999809		-0.000136686736369
39.7790000439		0.00724727613851
39.8389999866		0.00724727613851
39.8489999771		0.0146108400077
39.9290001392		0.021855071187
39.9960000515		0.021855071187
40.006000042		0.0286772325635
40.0859999657		0.0286772325635
40.0959999561		0.0348401367664
40.1549999714		0.0348401367664
40.1649999619		0.0400288403034
40.2380001545		0.0441184751689
40.3090000153		0.0469349399209
40.3970000744		0.0469349399209
40.4070000648		0.0483432523906
40.4670000076		0.0482781603932
40.5520000458		0.0482781603932
40.5629999638		0.0468065738678
40.621999979		0.044049564749
40.7090001106		0.0399234220386
40.7769999504		0.0399234220386
40.7869999409		0.0348411723971
40.8630001545		0.0285849589854
40.9330000877		0.0285849589854
40.9430000782		0.0217173714191
41.0210001469		0.0140462964773
41.0920000076		0.00660277483985
41.1779999733		0.00660277483985
41.1879999638		-0.000638436351437
41.248000145		-0.00760603696108
41.3359999657		-0.0142841096967
41.4119999409		-0.0200960896909
41.5020000935		-0.0248058512807
41.5710000992		-0.0282174590975
41.6570000648		-0.0282174590975
41.6670000553		-0.0301821958274
41.728000164		-0.0301821958274
41.7380001545		-0.030626906082
41.8120000362		-0.030626906082
41.8220000267		-0.0295845903456
41.8960001469		-0.0295845903456
41.9060001373		-0.0270689297467
41.9650001526		-0.023134527728
42.0369999409		-0.0182634498924
42.1070001125		-0.0182634498924
42.117000103		-0.0124045880511
42.2109999657		-0.00586488097906
42.2820000648		0.00156359886751
42.3650000095		0.00915257353336
42.4340000153		0.0167671386153
42.5230000019		0.0167671386153
42.5329999924		0.0241053067148
42.5920000076		0.0309552047402
42.6779999733		0.0309552047402
42.6879999638		0.0370522029698
42.7460000515		0.0421369411051
42.8329999447		0.0460174493492
42.9019999504		0.0460174493492
42.9119999409		0.0485374480486
42.9930000305		0.0495746470988
43.0650000572		0.0495746470988
43.0750000477		0.0491421222687
43.1480000019		0.0491421222687
43.1579999924		0.0472438298166
43.2190001011		0.0472438298166
43.2290000916		0.0439744219184
43.3040001392		0.0439744219184
43.3140001297		0.0394602417946
43.3740000725		0.0394602417946
43.3840000629		0.0339428521693
43.4620001316		0.0273224450648
43.5290000439		0.0273224450648
43.5390000343		0.020018722862
43.6150000095		0.020018722862
43.625		0.0120570166036
43.6840000153		0.0120570166036
43.6940000057		0.00454938225448
43.7710001469		0.00454938225448
43.7810001373		-0.0027013013605
43.8489999771		-0.0096911592409
43.9550001621		-0.0096911592409
43.9639999866		-0.0163485705853
44.0260000229		-0.0163485705853
44.0360000134		-0.0220371503383
44.1100001335		-0.0265228413045
44.1809999943		-0.0296328160912
44.2650001049		-0.0312335155904
44.3350000381		-0.0312335155904
44.3450000286		-0.0312903672457
44.4230000973		-0.0297811497003
44.495000124		-0.0297811497003
44.5050001144		-0.0268149338663
44.5789999962		-0.0268149338663
44.5880000591		-0.0224700197577
44.6500000954		-0.0224700197577
44.6600000858		-0.0170040633529
44.7350001335		-0.0170040633529
44.745000124		-0.0107794031501
44.8070001602		-0.00392179237679
44.8919999599		-0.00392179237679
44.9010000229		0.00367126869969
44.9620001316		0.0114165730774
45.0499999523		0.0191308446229
45.1180000305		0.0191308446229
45.128000021		0.026615485549
45.2039999962		0.0334396027029
45.2750000954		0.0393952317536
45.3600001335		0.0393952317536
45.370000124		0.0442751571536
45.4320001602		0.0478510521352
45.513999939		0.0478510521352
45.5239999294		0.050029233098
45.5850000381		0.0506814979017
45.6719999313		0.0506814979017
45.6820001602		0.0497782826424
45.743999958		0.0474438518286
45.8289999962		0.0474438518286
45.8389999866		0.0437192283571
45.8980000019		0.0387512519956
45.986000061		0.0327463671565
46.0559999943		0.0327463671565
46.0670001507		0.0258471257985
46.1430001259		0.0258471257985
46.1530001163		0.0182583257556
46.2150001526		0.0182583257556
46.2250001431		0.0102641871199
46.2960000038		0.0102641871199
46.3059999943		0.00255977921188
46.3659999371		0.00255977921188
46.3759999275		-0.00474000349641
46.4530000687		-0.00474000349641
46.4620001316		-0.0117173809558
46.5239999294		-0.0182195920497
46.611000061		-0.0236970875412
46.6809999943		-0.0279021523893
46.7680001259		-0.0306829009205
46.8510000706		-0.031923417002
46.9170000553		-0.0315328203142
47.0080001354		-0.0315328203142
47.0759999752		-0.0261621084064
47.1619999409		-0.0214575640857
47.2320001125		-0.0156277026981
47.3190000057		-0.00918459706008
47.388999939		-0.00210496829823
47.4730000496		0.00572120258585
47.5420000553		0.00572120258585
47.5520000458		0.013637968339
47.631000042		0.0214301627129
47.7009999752		0.0287864934653
47.7899999619		0.0355221442878
47.8570001125		0.0355221442878
47.867000103		0.0412741079926
47.9449999332		0.0412741079926
47.9550001621		0.0458597876132
48.0150001049		0.0458597876132
48.0250000954		0.0490940995514
48.0989999771		0.0490940995514
48.1089999676		0.0508764274418
48.1800000668		0.0511060655117
48.256000042		0.0511060655117
48.2660000324		0.0497562475502
48.3240001202		0.0469649657607
48.4279999733		0.0469649657607
48.4379999638		0.0427826717496
48.4909999371		0.0374451763928
48.5590000153		0.0374451763928
48.5690000057		0.031106473878
48.6489999294		0.0239624548703
48.7200000286		0.0239624548703
48.7290000916		0.0161721352488
48.8159999847		0.00793047528714
48.8860001564		0.00793047528714
48.8960001469		0.000239002882154
48.9739999771		-0.00705287232995
49.0410001278		-0.0138291893527
49.1289999485		-0.0138291893527
49.138999939		-0.0201156511903
49.1979999542		-0.0201156511903
49.2079999447		-0.0252961013466
49.2860000134		-0.0252961013466
49.2969999313		-0.0291692595929
49.3559999466		-0.0291692595929
49.3659999371		-0.0315606482327
49.4420001507		-0.0323731899261
49.5110001564		-0.0315588340163
49.5989999771		-0.0315588340163
49.6100001335		-0.0291597824544
49.6710000038		-0.0291597824544
49.6809999943		-0.0253393910825
49.7610001564		-0.0201920941472
49.8289999962		-0.0201920941472
49.8389999866		-0.0142875714228
49.9119999409		-0.00752077670768
49.9800000191		2.62611283688e-05
50.0680000782		0.00781344529241
50.1400001049		0.00781344529241
50.1500000954		0.0158140864223
50.2239999771		0.023575251922
50.2929999828		0.023575251922
50.3029999733		0.030846150592
50.3819999695		0.030846150592
50.3919999599		0.0373631864786
50.4570000172		0.0427992157638
50.5329999924		0.0427992157638
50.5429999828		0.0470620803535
50.6330001354		0.049937043339
50.7030000687		0.0512960590422
50.7860000134		0.0510687083006
50.8550000191		0.0493218675256
50.9470000267		0.0460769347847
51.013999939		0.0460769347847
51.0239999294		0.0415409691632
51.0989999771		0.0357966534793
51.1679999828		0.0292325597256
51.2569999695		0.0292325597256
51.2669999599		0.0217956863344
51.3280000687		0.0139104230329
51.4119999409		0.00572728272527
51.4809999466		-0.00230170949362
51.5699999332		-0.00944488123059
51.638999939		-0.0159648507833
51.7269999981		-0.0219066943973
51.7960000038		-0.0219066943973
51.8059999943		-0.0267636273056
51.881000042		-0.0302369687706
51.9509999752		-0.0322104617953
52.0380001068		-0.0325912162662
52.1070001125		-0.0313517451286
52.1949999332		-0.0285471696407
52.2650001049		-0.0285471696407
52.2750000954		-0.0243243835866
52.3480000496		-0.0188403110951
52.4179999828		-0.0188403110951
52.4279999733		-0.0122638326138
52.506000042		-0.0122638326138
52.5169999599		0.00235693668947
52.6619999409		0.00235693668947
52.6719999313		0.0102766482159
52.7320001125		0.0181769244373
52.8199999332		0.0257272571325
52.8910000324		0.0257272571325
52.9019999504		0.0327732935548
52.9850001335		0.0390195138752
53.0440001488		0.0441218726337
53.1319999695		0.0441218726337
53.1419999599		0.047968339175
53.2009999752		0.05038940534
53.2890000343		0.05038940534
53.2990000248		0.0513101443648
53.3680000305		0.0513101443648
53.378000021		0.0506609044969
53.4449999332		0.0484564453363
53.5340001583		0.0448039770126
53.603000164		0.0399640649557
53.6930000782		0.03397141397
53.7599999905		0.03397141397
53.7699999809		0.0271153412759
53.8440001011		0.0196078307927
53.9140000343		0.0196078307927
53.9240000248		0.0117417545989
54.0230000019		0.00358661450446
54.0859999657		0.00358661450446
54.0959999561		-0.00395050086081
54.1749999523		-0.00395050086081
54.1849999428		-0.0108775394037
54.243999958		-0.0171058736742
54.3329999447		-0.0227807816118
54.4030001163		-0.0272173900157
54.4880001545		-0.0302630420774
54.5550000668		-0.0302630420774
54.5650000572		-0.031778074801
54.6419999599		-0.0317126847804
54.7120001316		-0.0317126847804
54.7209999561		-0.0300273522735
54.7990000248		-0.0268345177174
54.870000124		-0.0268345177174
54.8789999485		-0.0222780071199
54.9560000896		-0.0222780071199
54.9660000801		-0.016492465511
55.0260000229		-0.0100612994283
55.1119999886		-0.00300063029863
55.1820001602		0.00440965918824
55.2690000534		0.012367981486
55.3359999657		0.012367981486
55.3450000286		0.0201874412596
55.4230000973		0.0276406724006
55.492000103		0.0343823842704
55.5840001106		0.0343823842704
55.5940001011		0.040188614279
55.6549999714		0.040188614279
55.6649999619		0.0449135191739
55.7380001545		0.0483571328223
55.8070001602		0.0503472015262
55.8960001469		0.0503472015262
55.9060001373		0.0508214235306
55.9639999866		0.0497510768473
56.0510001183		0.0497510768473
56.0610001087		0.0471576228738
56.1180000305		0.0432080030441
56.2090001106		0.0380280166864
56.2790000439		0.0380280166864
56.2890000343		0.0318101905286
56.364000082		0.0248706731945
56.4360001087		0.0248706731945
56.4449999332		0.0173298418522
56.5210001469		0.00940674263984
56.5900001526		0.00940674263984
56.6000001431		0.00140805554111
56.6760001183		-0.00619417103007
56.7550001144		-0.0128039559349
56.8300001621		-0.0128039559349
56.8400001526		-0.018735928461
56.9130001068		-0.0239819865674
56.9820001125		-0.0279915519059
57.0710000992		-0.0279915519059
57.0820000172		-0.0306237656623
57.1410000324		-0.0317274145782
57.2290000916		-0.0317274145782
57.239000082		-0.0312548317015
57.2960000038		-0.0312548317015
57.3059999943		-0.0292023811489
57.3830001354		-0.0256629623473
57.4509999752		-0.0256629623473
57.4609999657		-0.0208186078817
57.5390000343		-0.0208186078817
57.5490000248		-0.0148418843746
57.6100001335		-0.00806446187198
57.6960000992		-0.000763887655921
57.7660000324		0.00673127779737
57.853000164		0.01456383802
57.9219999313		0.01456383802
57.9320001602		0.0220528654754
58.0099999905		0.0291745122522
58.0789999962		0.0355692021549
58.1640000343		0.0410786233842
58.2330000401		0.0410786233842
58.2430000305		0.0453373268247
58.3170001507		0.0483033694327
58.388999939		0.0483033694327
58.3989999294		0.0498443841934
58.4750001431		0.0498443841934
58.4850001335		0.0499077625573
58.5450000763		0.0484519079328
58.6330001354		0.0454959273338
58.7020001411		0.0412852093577
58.7899999619		0.0412852093577
58.7999999523		0.0358793176711
58.8580000401		0.0358793176711
58.8680000305		0.0295757390559
58.9470000267		0.0225148573518
59.0160000324		0.01506411843
59.1010000706		0.00731874443591
59.1710000038		0.00731874443591
59.1809999943		-0.00033329994767
59.2599999905		-0.00771026918665
59.3359999657		-0.00771026918665
59.3459999561		-0.0140307797119
59.4200000763		-0.0140307797119
59.4300000668		-0.0194849204272
59.4909999371		-0.0242278147489
59.5800001621		-0.0242278147489
59.5900001526		-0.0277756117284
59.6500000954		-0.0277756117284
59.6600000858		-0.0299396049231
59.7320001125		-0.0299396049231
59.742000103		-0.0306098088622
59.8029999733		-0.0297440532595
59.888999939		-0.0297440532595
59.8989999294		-0.0273471307009
59.9609999657		-0.0273471307009
59.9709999561		-0.0235639214516
60.0490000248		-0.0235639214516
60.0590000153		-0.0185057837516
60.1210000515		-0.0124379042536
60.2050001621		-0.00553770689294
60.2750000954		0.00161896576174
60.3589999676		0.00894908607006
60.4290001392		0.0163986645639
60.5150001049		0.0237059462816
60.5859999657		0.0237059462816
60.5959999561		0.0304820947349
60.6700000763		0.0304820947349
60.6800000668		0.0363623537123
60.7430000305		0.0413848645985
60.8300001621		0.0452008210123
60.9010000229		0.0477166697383
60.9830000401		0.0477166697383
60.9930000305		0.048810582608
61.0550000668		0.048810582608
61.0650000572		0.0484510138631
61.1430001259		0.0466536097229
61.2120001316		0.0434286184609
61.2950000763		0.0434286184609
61.3050000668		0.0389671102166
61.3650000095		0.0334723219275
61.4539999962		0.0334723219275
61.4639999866		0.0271481666714
61.5269999504		0.0271481666714
61.5369999409		0.0201798863709
61.6100001335		0.0128621049225
61.6849999428		0.00535424146801
61.7760000229		-0.00203301175497
61.8480000496		-0.00913367979228
61.9300000668		-0.00913367979228
61.9400000572		-0.0151604386047
62.0		-0.0201345328242
62.0859999657		-0.0242963172495
62.1579999924		-0.0242963172495
62.1679999828		-0.0273991003633
62.242000103		-0.0291144512594
62.3150000572		-0.0293732080609
62.4019999504		-0.0293732080609
62.4119999409		-0.028158262372
62.4730000496		-0.0254795514047
62.5559999943		-0.0214652307332
62.6270000935		-0.0163290333003
62.7130000591		-0.0163290333003
62.7230000496		-0.0102131646127
62.7880001068		-0.00340075627901
62.8600001335		0.00402146205306
62.9440000057		0.00402146205306
62.9539999962		0.0111416121945
63.0160000324		0.0181735251099
63.1050000191		0.0181735251099
63.1150000095		0.0250354576856
63.1760001183		0.0250354576856
63.1860001087		0.0313351489604
63.2580001354		0.0368402786553
63.3280000687		0.0368402786553
63.3380000591		0.0413364730775
63.4119999409		0.0413364730775
63.4219999313		0.044681340456
63.4850001335		0.044681340456
63.495000124		0.0473929271102
63.638999939		0.0473929271102
63.6489999294		0.0466545559466
63.728000164		0.0445551164448
63.8010001183		0.0411182008684
63.8849999905		0.0411182008684
63.8949999809		0.0365389846265
63.9539999962		0.0310129486024
64.0360000134		0.0246872380376
64.1070001125		0.0246872380376
64.117000103		0.0179027859122
64.1920001507		0.0108495010063
64.2650001049		0.00371062802151
64.3519999981		-0.00327458977699
64.4230000973		-0.00327458977699
64.4330000877		-0.00989144574851
64.5069999695		-0.00989144574851
64.5169999599		-0.015261137858
64.5780000687		-0.015261137858
64.5880000591		-0.0196841284633
64.6630001068		-0.0232520587742
64.7339999676		-0.0257903132588
64.8210000992		-0.0257903132588
64.8310000896		-0.027083331719
64.8940000534		-0.0269724726677
64.978000164		-0.0254565495998
65.0510001183		-0.0225854534656
65.1340000629		-0.0225854534656
65.1440000534		-0.0184730961919
65.2039999962		-0.0184730961919
65.2139999866		-0.013274631463
65.2910001278		-0.00723836198449
65.3630001545		-0.00723836198449
65.373000145		-0.000597822538111
65.4470000267		-0.000597822538111
65.4570000172		0.00618592463434
65.5199999809		0.0130863003433
65.5880000591		0.0195199213922
65.6760001183		0.0195199213922
65.6860001087		0.0259417984635
65.7460000515		0.0316988937557
65.8370001316		0.0316988937557
65.8470001221		0.0366317816079
65.9049999714		0.0366317816079
65.9149999619		0.0435201711953
66.0599999428		0.0450587831438
66.1480000019		0.0453292168677
66.2200000286		0.0442666746676
66.3020000458		0.0442666746676
66.3120000362		0.041940793395
66.3710000515		0.041940793395
66.381000042		0.0384094975889
66.4590001106		0.0384094975889
66.4690001011		0.0337565429509
66.5280001163		0.0337565429509
66.5390000343		0.0221565142274
66.6890001297		0.015642395243
66.7739999294		0.015642395243
66.7840001583		0.00890410318971
66.8440001011		0.00219808937982
66.9390001297		-0.00420911004767
67.0090000629		-0.0102160479873
67.0959999561		-0.0102160479873
67.1059999466		-0.0152168897912
67.1649999619		-0.0191037841141
67.2550001144		-0.0221149530262
67.3250000477		-0.0221149530262
67.3350000381		-0.024253135547
67.4119999409		-0.024253135547
67.4219999313		-0.0251211039722
67.4809999466		-0.0246715173125
67.5670001507		-0.0229199975729
67.6360001564		-0.019930453971
67.7230000496		-0.019930453971
67.7339999676		-0.0157606173307
67.7940001488		-0.0157606173307
67.8040001392		-0.0106325782835
67.878000021		-0.0106325782835
67.8880000114		-0.00477597303689
67.9479999542		0.00164038280491
68.0350000858		0.00164038280491
68.0450000763		0.00808043126017
68.103000164		0.0143341254443
68.1930000782		0.0143341254443
68.2030000687		0.0203993637115
68.2610001564		0.0263356715441
68.3470001221		0.0316344760358
68.4160001278		0.0316344760358
68.4260001183		0.0360657162964
68.5039999485		0.039415538311
68.5750000477		0.0417403578758
68.6579999924		0.042903624475
68.7339999676		0.0428140163422
68.8159999847		0.0415153242648
68.888999939		0.0415153242648
68.9000000954		0.0390364192426
68.9820001125		0.0354331173003
69.0570001602		0.0309007316828
69.1300001144		0.0309007316828
69.1400001049		0.0255884584039
69.2100000381		0.0255884584039
69.2200000286		0.0197165422142
69.2860000134		0.0135700395331
69.3770000935		0.0135700395331
69.3870000839		0.00738123804331
69.4609999657		0.00105933879968
69.5329999924		0.00105933879968
69.5429999828		-0.00483836745843
69.6159999371		-0.00483836745843
69.6259999275		-0.0103465300053
69.6879999638		-0.0103465300053
69.6979999542		-0.014939295128
69.7760000229		-0.014939295128
69.7860000134		-0.0183410067111
69.8459999561		-0.0183410067111
69.8559999466		-0.020747827366
69.9340000153		-0.020747827366
69.9440000057		-0.022444114089
70.0090000629		-0.022444114089
70.0199999809		-0.022274216637
70.1790001392		-0.022274216637
70.1890001297		-0.0203629545867
70.246999979		-0.0172901377082
70.3329999447		-0.0172901377082
70.3429999352		-0.0131959412247
70.4030001163		-0.00824066996574
70.4900000095		-0.00824066996574
70.5		-0.00262287491933
70.5610001087		0.00346422381699
70.6460001469		0.00346422381699
70.6549999714		0.00954847224057
70.7130000591		0.0154274962842
70.8020000458		0.0209736302495
70.8710000515		0.0263359788805
70.9579999447		0.0263359788805
70.9679999352		0.0310675855726
71.0269999504		0.0348849184811
71.1130001545		0.0378737710416
71.1830000877		0.0378737710416
71.1930000782		0.0397527478635
71.2710001469		0.0397527478635
71.2810001373		0.0405812300742
71.3410000801		0.0402099564672
71.4270000458		0.0387516617775
71.5039999485		0.036207202822
71.5859999657		0.0326557904482
71.6549999714		0.0326557904482
71.6649999619		0.0282692350447
71.743999958		0.0282692350447
71.7539999485		0.0231872294098
71.8220000267		0.0231872294098
71.8320000172		0.017705751583
71.888999939		0.011983348988
71.9760000706		0.00615050038323
72.0460000038		0.000510876183398
72.1340000629		0.000510876183398
72.1440000534		-0.00486719002947
72.2009999752		-0.00486719002947
72.2109999657		-0.00980611983687
72.2850000858		-0.0140639627352
72.3550000191		-0.0169417560101
72.4409999847		-0.0189189966768
72.5110001564		-0.020095653832
72.5989999771		-0.020341899246
72.6690001488		-0.020341899246
72.6790001392		-0.0194677021354
72.7539999485		-0.0175048559904
72.8240001202		-0.0144983911887
72.9160001278		-0.0105615453795
72.9830000401		-0.00585404317826
73.0699999332		-0.000591618416365
73.138999939		0.00499082775787
73.2239999771		0.0105514097959
73.2940001488		0.0162506103516
73.3830001354		0.0162506103516
73.3930001259		0.021232528612
73.4520001411		0.0259362719953
73.5380001068		0.0259362719953
73.5480000973		0.0300978682935
73.6070001125		0.0300978682935
73.617000103		0.0333673469722
73.6970000267		0.035886708647
73.7650001049		0.035886708647
73.7750000954		0.0374248474836
73.8500001431		0.0379509367049
73.9190001488		0.0379509367049
73.9290001392		0.0373883247375
74.0050001144		0.0358267836273
74.0770001411		0.0333072058856
74.1610000134		0.0299220606685
74.2300000191		0.0257662180811
74.3210000992		0.0257662180811
74.3310000896		0.0210164450109
74.3910000324		0.0159754827619
74.4750001431		0.0106867579743
74.5429999828		0.0106867579743
74.5529999733		0.00544459512457
74.6300001144		0.000382999191061
74.7009999752		-0.00436793034896
74.7860000134		-0.00869309622794
74.8580000401		-0.0123208072037
74.9440000057		-0.0123208072037
74.9539999962		-0.014689438045
75.0130000114		-0.0161992032081
75.1000001431		-0.0161992032081
75.1100001335		-0.0171236693859
75.1700000763		-0.0171573981643
75.2590000629		-0.0171573981643
75.2699999809		-0.0161860156804
75.3270001411		-0.0161860156804
75.3370001316		-0.0142390597612
75.4140000343		-0.0113840317354
75.4830000401		-0.00770328799263
75.5840001106		-0.00333727221005
75.6480000019		-0.00333727221005
75.7290000916		0.00655149295926
75.8129999638		0.00655149295926
75.8220000267		0.0116574857384
75.8830001354		0.0116574857384
75.8930001259		0.0166955720633
75.9690001011		0.0166955720633
75.9790000916		0.0210227929056
76.0410001278		0.0210227929056
76.0510001183		0.0250277426094
76.1259999275		0.0285918973386
76.1960000992		0.0315028950572
76.2829999924		0.0315028950572
76.2929999828		0.0335005372763
76.3540000916		0.0346360318363
76.4379999638		0.0348804146051
76.5069999695		0.0348804146051
76.5169999599		0.034218672663
76.5940001011		0.034218672663
76.6040000916		0.0326368920505
76.6649999619		0.0326368920505
76.6749999523		0.0302387308329
76.75		0.0302387308329
76.7599999905		0.0270890854299
76.8259999752		0.0232680104673
76.9140000343		0.0189611539245
76.9830000401		0.0143858985975
77.0690000057		0.0096577713266
77.1380000114		0.0050772158429
77.228000164		0.000618099584244
77.2969999313		-0.0034936030861
77.3830001354		-0.0034936030861
77.3930001259		-0.00724802492186
77.4509999752		-0.00724802492186
77.4620001316		-0.0102878194302
77.5350000858		-0.0102878194302
77.5450000763		-0.0122409872711
77.6059999466		-0.0133935045451
77.6949999332		-0.0138758569956
77.7660000324		-0.0138758569956
77.7760000229		-0.0137737775221
77.8619999886		-0.0127778574824
77.9300000668		-0.0127778574824
77.9400000572		-0.01092426572
78.0250000954		-0.00828318670392
78.0920000076		-0.00491871451959
78.1770000458		-0.000988270738162
78.2460000515		0.00331003312021
78.3370001316		0.00781485438347
78.4140000343		0.00781485438347
78.4240000248		0.0122810294852
78.5		0.0122810294852
78.5099999905		0.0164414346218
78.5710000992		0.0201643947512
78.6560001373		0.0201643947512
78.6660001278		0.0236893333495
78.728000164		0.0236893333495
78.7380001545		0.0266897026449
78.8150000572		0.0290348436683
78.8849999905		0.0290348436683
78.8949999809		0.0306670088321
78.9690001011		0.0315651036799
79.0399999619		0.0316722989082
79.1259999275		0.0309602823108
79.1990001202		0.0309602823108
79.2090001106		0.0294650997967
79.2820000648		0.0272606872022
79.353000164		0.0272606872022
79.3630001545		0.0244210939854
79.4360001087		0.0209949668497
79.5080001354		0.0209949668497
79.5169999599		0.0172234028578
79.5959999561		0.0172234028578
79.6059999466		0.013224507682
79.6670000553		0.013224507682
79.6770000458		0.00912913959473
79.7490000725		0.00508072599769
79.8210000992		0.00134456995875
79.9049999714		0.00134456995875
79.9149999619		-0.00221998919733
79.978000164		-0.00536092929542
80.0629999638		-0.00812379084527
80.1340000629		-0.00812379084527
80.1440000534		-0.00964763015509
80.2179999352		-0.00964763015509
80.2269999981		-0.0104652456939
80.2890000343		-0.0104652456939
80.2980000973		-0.0108417198062
80.378000021		-0.0108417198062
80.3880000114		-0.0105935651809
80.4479999542		-0.00966450478882
80.5329999924		-0.00802371650934
80.6040000916		-0.00802371650934
80.614000082		-0.00570191442966
80.6879999638		-0.00277234823443
80.7610001564		0.000638734200038
80.8429999352		0.000638734200038
80.853000164		0.00437178788707
80.9140000343		0.00825987942517
81.003000021		0.00825987942517
81.0120000839		0.0121873542666
81.0759999752		0.0159841813147
81.1570000648		0.0190977137536
81.2269999981		0.0218635872006
81.3150000572		0.0243602730334
81.3870000839		0.0262744501233
81.4679999352		0.0262744501233
81.478000164		0.0276153516024
81.5410001278		0.0276153516024
81.5510001183		0.0283448323607
81.6240000725		0.0283367205411
81.6940000057		0.0276784505695
81.7790000439		0.0263579525054
81.8489999771		0.024453420192
81.9379999638		0.0220278464258
82.0069999695		0.0220278464258
82.0169999599		0.0191400907934
82.0940001011		0.0191400907934
82.1040000916		0.0158931426704
82.1660001278		0.0125089650974
82.25		0.0125089650974
82.2599999905		0.00906768161803
82.3289999962		0.00562791060656
82.4060001373		0.00562791060656
82.4160001278		0.00264624413103
82.5090000629		-0.000452114763903
82.5770001411		-0.00303469831124
82.6630001068		-0.00303469831124
82.6730000973		-0.00527380546555
82.7339999676		-0.00527380546555
82.743999958		-0.00658447528258
82.8199999332		-0.00658447528258
82.8300001621		-0.00723158288747
82.888999939		-0.00723158288747
82.8989999294		-0.00744498195127
82.9750001431		-0.00744498195127
82.9850001335		-0.0073108994402
83.0450000763		-0.0065470803529
83.1360001564		-0.0065470803529
83.1460001469		-0.00517204590142
83.2030000687		-0.00517204590142
83.2130000591		-0.00323857995681
83.3020000458		-0.000789562123828
83.370000124		0.00206909072585
83.4560000896		0.00206909072585
83.4660000801		0.00520160375163
83.5269999504		0.00520160375163
83.5369999409		0.00845917314291
83.6150000095		0.00845917314291
83.625		0.0117563400418
83.6840000153		0.0117563400418
83.6940000057		0.0145586645231
83.7690000534		0.0173930712044
83.8340001106		0.0196395181119
83.9240000248		0.0196395181119
83.9340000153		0.0216273386031
84.0069999695		0.0216273386031
84.0169999599		0.0233124047518
84.0789999962		0.0233124047518
84.0889999866		0.0244312938303
84.1630001068		0.0244312938303
84.1719999313		0.02506843023
84.2330000401		0.0250707063824
84.3220000267		0.0250707063824
84.3320000172		0.0245730169117
84.3949999809		0.0245730169117
84.4049999714		0.0235399603844
84.4690001011		0.0220134947449
84.5680000782		0.0200535394251
84.638999939		0.0200535394251
84.6489999294		0.0176977124065
84.739000082		0.0150583107024
84.7980000973		0.0122943921015
84.8819999695		0.0122943921015
84.8919999599		0.00948985479772
84.9520001411		0.00948985479772
84.9620001316		0.00679106870666
85.0380001068		0.00420026062056
85.1100001335		0.00420026062056
85.120000124		0.00172741373535
85.1949999332		0.00172741373535
85.2050001621		-0.000395984679926
85.263999939		-0.000395984679926
85.2739999294		-0.00220738933422
85.3480000496		-0.00314555270597
85.4170000553		-0.00314555270597
85.4270000458		-0.00369190564379
85.5069999695		-0.00369190564379
85.5169999599		-0.00411037448794
85.5750000477		-0.00411037448794
85.5850000381		-0.00413182424381
85.6610000134		-0.00413182424381
85.6700000763		-0.00363060738891
85.7300000191		-0.00363060738891
85.7400000095		-0.00263089197688
85.8199999332		-0.00115613383241
85.8919999599		0.000746249221265
85.9730000496		0.000746249221265
85.9830000401		0.00300365756266
86.0460000038		0.00300365756266
86.0559999943		0.00550965918228
86.1340000629		0.00550965918228
86.1440000534		0.0081219188869
86.2050001621		0.0108249019831
86.2899999619		0.0108249019831
86.2999999523		0.0132098449394
86.3600001335		0.0132098449394
86.370000124		0.0152273029089
86.4460000992		0.0152273029089
86.4560000896		0.0171145778149
86.5169999599		0.0171145778149
86.5269999504		0.0188339035958
86.6019999981		0.0202008280903
86.6740000248		0.0202008280903
86.6830000877		0.0212315656245
86.7550001144		0.0218792837113
86.8259999752		0.0218792837113
86.8370001316		0.0220593549311
86.9149999619		0.0220593549311
86.9249999523		0.0218231398612
86.986000061		0.021148821339
87.0729999542		0.0200929213315
87.1480000019		0.0200929213315
87.1570000648		0.0186670981348
87.2139999866		0.0186670981348
87.2239999771		0.0169100724161
87.3029999733		0.0169100724161
87.3129999638		0.0148836141452
87.371999979		0.0127860689536
87.4620001316		0.0127860689536
87.4730000496		0.0105659319088
87.5399999619		0.00842207856476
87.6130001545		0.0062494543381
87.6820001602		0.0062494543381
87.6920001507		0.00435314280912
87.7720000744		0.00257250247523
87.8429999352		0.000856459373608
87.9270000458		2.10656071431e-05
87.995000124		2.10656071431e-05
88.006000042		-0.000482669216581
88.0850000381		-0.000918673700653
88.1549999714		-0.00111168483272
88.2430000305		-0.00111168483272
88.253000021		-0.000970469438471
88.3099999428		-0.000435587367974
88.3970000744		0.000488704827148
88.4660000801		0.00178086245432
88.5540001392		0.00178086245432
88.5640001297		0.00339887919836
88.631000042		0.00525121251121
88.7109999657		0.00525121251121
88.7209999561		0.00726247765124
88.7840001583		0.00924705248326
88.8659999371		0.011129507795
88.9349999428		0.0128009403124
89.0230000019		0.0142213255167
89.0929999352		0.0156332720071
89.1809999943		0.0156332720071
89.1909999847		0.0169758684933
89.2580001354		0.0179233830422
89.3350000381		0.0186105500907
89.4279999733		0.0186105500907
89.4379999638		0.0190405920148
89.493999958		0.0191691592336
89.5810000896		0.0191691592336
89.5910000801		0.0189168080688
89.6500000954		0.0189168080688
89.6600000858		0.0183744821697
89.739000082		0.0175399035215
89.8099999428		0.0175399035215
89.8210000992		0.0150563847274
89.9639999866		0.0150563847274
89.9739999771		0.0135606331751
90.0510001183		0.0119331208989
90.120000124		0.0119331208989
90.1300001144		0.0103128897026
90.2090001106		0.0103128897026
90.2190001011		0.00880655553192
90.2840001583		0.00880655553192
90.2940001488		0.00722257513553
90.3559999466		0.00722257513553
90.3659999371		0.00573870493099
90.4550001621		0.00410843221471
90.5239999294		0.00342211313546
90.6119999886		0.00342211313546
90.623000145		0.00280655082315
90.6800000668		0.00280655082315
90.6900000572		0.00224456610158
90.7710001469		0.00224456610158
90.7810001373		0.00165915442631
90.8400001526		0.00165915442631
90.8500001431		0.00137038121466
90.9249999523		0.00139440956991
90.9960000515		0.00174636091106
91.0800001621		0.00174636091106
91.0900001526		0.00242392183281
91.1519999504		0.00242392183281
91.1619999409		0.0034135535825
91.2400000095		0.00462116207927
91.3099999428		0.00598121248186
91.3960001469		0.00741132209077
91.4650001526		0.00892000645399
91.5499999523		0.0100472336635
91.620000124		0.0100472336635
91.6300001144		0.0111599862576
91.7050001621		0.0111599862576
91.7160000801		0.0123907392845
91.7850000858		0.0135497972369
91.8619999886		0.0135497972369
91.871999979		0.0146963773295
91.9300000668		0.0146963773295
91.9400000572		0.0155879994854
92.0169999599		0.0155879994854
92.0269999504		0.0163574051112
92.0859999657		0.0168078560382
92.1790001392		0.0168078560382
92.1900000572		0.0170958787203
92.2460000515		0.0170958787203
92.256000042		0.0171358380467
92.3300001621		0.0169226471335
92.4000000954		0.0164432674646
92.489000082		0.0164432674646
92.4990000725		0.015735136345
92.5599999428		0.015735136345
92.5699999332		0.0148600246757
92.6460001469		0.0148600246757
92.6560001373		0.0138287032023
92.7150001526		0.0138287032023
92.7250001431		0.0127335321158
92.8020000458		0.0114596560597
92.870000124		0.0103432489559
92.9570000172		0.00898113753647
93.0250000954		0.00767154758796
93.1100001335		0.00767154758796
93.1210000515		0.0065775574185
93.1800000668		0.00576858269051
93.2699999809		0.00506482226774
93.3410000801		0.00506482226774
93.3510000706		0.00415272638202
93.4260001183		0.00415272638202
93.4360001087		0.00337125267833
93.495000124		0.00337125267833
93.506000042		0.00281247496605
93.5810000896		0.00281247496605
93.5910000801		0.00252682645805
93.6500000954		0.0025320937857
93.7400000095		0.00285997311585
93.8070001602		0.00285997311585
93.8170001507		0.00342596974224
93.8960001469		0.00342596974224
93.9060001373		0.00422091269866
93.9760000706		0.00514108873904
94.0440001488		0.00514108873904
94.0540001392		0.00628544809297
94.1340000629		0.00628544809297
94.1440000534		0.00709855090827
94.2020001411		0.00792936701328
94.2890000343		0.00792936701328
94.2990000248		0.00909348204732
94.3570001125		0.0102983545512
94.4440000057		0.0102983545512
94.4539999962		0.011442122981
94.513999939		0.0126628009602
94.5989999771		0.0137559436262
94.6679999828		0.0147321578115
94.756000042		0.0147321578115
94.7660000324		0.0155565869063
94.8250000477		0.0155565869063
94.8350000381		0.0161828733981
94.9170000553		0.0161828733981
94.9270000458		0.0166136100888
94.995000124		0.0166136100888
95.0050001144		0.0167939327657
95.0720000267		0.0166981611401
95.1590001583		0.0164024922997
95.228000164		0.0164024922997
95.2380001545		0.0159493517131
95.3150000572		0.0152695570141
95.3819999695		0.0144768320024
95.4720001221		0.0144768320024
95.4820001125		0.0134433871135
95.5410001278		0.0122251305729
95.628000021		0.0122251305729
95.6380000114		0.0109191667289
95.6990001202		0.00981751829386
95.7840001583		0.00981751829386
95.7940001488		0.00880718696862
95.8540000916		0.00880718696862
95.864000082		0.00773805566132
95.9430000782		0.00629851454869
96.0120000839		0.00498190615326
96.1010000706		0.00498190615326
96.111000061		0.00383843621239
96.1690001488		0.00383843621239
96.1790001392		0.00291914911941
96.253000021		0.00226277462207
96.3220000267		0.00226277462207
96.3320000172		0.00192051404156
96.4110000134		0.00192051404156
96.4210000038		0.00188579084352
96.4809999466		0.0021339468658
96.5659999847		0.0021339468658
96.5759999752		0.00265126442537
96.6410000324		0.00328269810416
96.7269999981		0.00387788540684
96.7990000248		0.00452641351148
96.8849999905		0.00452641351148
96.8949999809		0.00570606673136
96.9560000896		0.00703155435622
97.0369999409		0.00849568936974
97.1089999676		0.00849568936974
97.118999958		0.00995016843081
97.1930000782		0.00995016843081
97.2030000687		0.0115087004378
97.2660000324		0.0115087004378
97.2769999504		0.0130156949162
97.3510000706		0.0144393472001
97.4230000973		0.0156922955066
97.5080001354		0.0167679302394
97.5780000687		0.0167679302394
97.5880000591		0.0175950992852
97.6660001278		0.0175950992852
97.6760001183		0.018095549196
97.7409999371		0.0183440707624
97.8199999332		0.018392495811
97.9000000954		0.018392495811
97.9100000858		0.0180737953633
97.9709999561		0.0176298934966
98.0580000877		0.0176298934966
98.0680000782		0.0167913846672
98.128000021		0.0156457517296
98.2120001316		0.0156457517296
98.2220001221		0.0141451992095
98.2829999924		0.0126718115062
98.367000103		0.0126718115062
98.3770000935		0.011355641298
98.4390001297		0.0098789697513
98.5250000954		0.00793166738003
98.5959999561		0.00793166738003
98.6059999466		0.00603089574724
98.6800000668		0.00603089574724
98.6900000572		0.00424696272239
98.7520000935		0.00424696272239
98.7620000839		0.00265967147425
98.8389999866		0.00265967147425
98.8489999771		0.00134300079662
98.9090001583		0.00134300079662
98.9190001488		0.000359041820047
98.993999958		0.000359041820047
99.0039999485		-0.00024185887014
99.0659999847		-0.00024185887014
99.0750000477		-0.000499186047819
99.1519999504		-0.000499186047819
99.1619999409		-0.000395726092393
99.2260000706		0.00011874633492
99.3050000668		0.00011874633492
99.3150000572		0.000694623275194
99.3819999695		0.00142996781506
99.4609999657		0.00254797074012
99.5510001183		0.0040632057935
99.6210000515		0.00573260569945
99.7079999447		0.00764167169109
99.7780001163		0.00764167169109
99.7880001068		0.00970928184688
99.8619999886		0.0117905382067
99.9309999943		0.0117905382067
99.9409999847		0.0138056213036
100.023999929		0.0157227683812
100.09100008		0.0174468941987
100.176000118		0.0189040862024
100.246999979		0.0199783500284
100.335000038		0.020760115236
100.404999971		0.0212050452828
100.488000154		0.0212050452828
100.496999979		0.0212080143392
100.555999994		0.0208696424961
100.64199996		0.0201206635684
100.710000038		0.018971728161
100.802999973		0.0173689816147
100.870000124		0.0173689816147
100.880000114		0.0156295113266
100.957000017		0.0138917909935
101.025000095		0.0138917909935
101.035000086		0.00953631382436
101.184000015		0.00953631382436
101.194000006		0.00702390121296
101.269000053		0.00460692029446
101.338000059		0.00237738387659
101.424000025		0.000433217006503
101.499000072		-0.00110447313637
101.601000071		-0.00110447313637
101.611000061		-0.0022102103103
101.669000149		-0.0022102103103
101.679000139		-0.00287614506669
101.756999969		-0.00314657832496
101.825999975		-0.00314657832496
101.835999966		-0.00295412866399
101.913000107		-0.00265068816952
101.983999968		-0.00265068816952
101.993000031		-0.00192787509877
102.069000006		-0.000680578814354
102.138000011		0.00112445547711
102.225000143		0.00328771560453
102.294000149		0.00564029952511
102.381999969		0.00825737416744
102.44900012		0.0109283523634
102.536000013		0.0109283523634
102.546000004		0.0136157423258
102.625		0.0136157423258
102.63499999		0.0161625258625
102.696000099		0.018506821245
102.784000158		0.0205348264426
102.853000164		0.0205348264426
102.863000154		0.022149913013
102.937000036		0.0233372598886
103.008000135		0.0240916889161
103.095000029		0.0240916889161
103.105000019		0.0243314225227
103.167999983		0.0241099596024
103.248000145		0.0241099596024
103.258000135		0.0233547855169
103.319000006		0.0219517704099
103.407000065		0.02009553276
103.476999998		0.0179086588323
103.562000036		0.0179086588323
103.572000027		0.0157066006213
103.631000042		0.0157066006213
103.641000032		0.0131613109261
103.717999935		0.0131613109261
103.726999998		0.0102424863726
103.789000034		0.0102424863726
103.799000025		0.00707973400131
103.874000072		0.00707973400131
103.884000063		0.0040064859204
103.946000099		0.0040064859204
103.95600009		0.00115723209456
104.032000065		0.00115723209456
104.042000055		-0.00136339699384
104.104000092		-0.00136339699384
104.114000082		-0.00345419347286
104.18900013		-0.0050060255453
104.259000063		-0.00602512899786
104.34800005		-0.00648954883218
104.417999983		-0.00648954883218
104.427999973		-0.00645661540329
104.500999928		-0.00589555874467
104.572999954		-0.0050625060685
104.654000044		-0.0050625060685
104.664000034		-0.00351950433105
104.726999998		-0.00140885764267
104.811000109		-0.00140885764267
104.821000099		0.00117139075883
104.881999969		0.00418186467141
104.967999935		0.0073311412707
105.039999962		0.0073311412707
105.049999952		0.0106290616095
105.125999928		0.0139341950417
105.194999933		0.0139341950417
105.205000162		0.0171329732984
105.279000044		0.0171329732984
105.289000034		0.0200654584914
105.351000071		0.0226489044726
105.436000109		0.0247100517154
105.509000063		0.026267901063
105.592999935		0.026267901063
105.603000164		0.0272578205913
105.664999962		0.0272578205913
105.674999952		0.0276249758899
105.750999928		0.0273952409625
105.822999954		0.0273952409625
105.832999945		0.0265052132308
105.907999992		0.0265052132308
105.917999983		0.0249298680574
105.976000071		0.0227028932422
106.059999943		0.0227028932422
106.071000099		0.019861118868
106.131999969		0.019861118868
106.14199996		0.0171523299068
106.228000164		0.014124142006
106.291000128		0.0105737969279
106.375		0.0105737969279
106.384000063		0.00679600099102
106.457000017		0.00679600099102
106.467000008		0.00309207895771
106.523999929		-0.000374935974833
106.624000072		-0.000374935974833
106.634000063		-0.00344801321626
106.697000027		-0.00602573575452
106.781000137		-0.00602573575452
106.791000128		-0.00794242322445
106.854000092		-0.00920125190169
106.944999933		-0.00920125190169
106.955000162		-0.00983803905547
107.015000105		-0.00973812304437
107.100000143		-0.00973812304437
107.108999968		-0.0092679541558
107.167999983		-0.00802672188729
107.256000042		-0.00603596167639
107.325000048		-0.00603596167639
107.334000111		-0.00345417787321
107.410000086		-0.000427256221883
107.479000092		0.0030600070022
107.568000078		0.00690862443298
107.637000084		0.00690862443298
107.647000074		0.0108605269343
107.72300005		0.0108605269343
107.73300004		0.0147952893749
107.792999983		0.0185540039092
107.883000135		0.0185540039092
107.893000126		0.0220444314182
107.950999975		0.0250911340117
108.036999941		0.0275369938463
108.105000019		0.0275369938463
108.11500001		0.0293519888073
108.194999933		0.0304911546409
108.266000032		0.0304911546409
108.276000023		0.0309352129698
108.34800005		0.0305038504303
108.416000128		0.0305038504303
108.426000118		0.0294644292444
108.505000114		0.0294644292444
108.515000105		0.0275199487805
108.57400012		0.0275199487805
108.584000111		0.0249214489013
108.664999962		0.0249214489013
108.674999952		0.021633753553
108.73300004		0.021633753553
108.743000031		0.018351720646
108.818000078		0.0145976226777
108.887000084		0.0105304280296
108.976000071		0.0105304280296
108.986000061		0.00609140610322
109.046999931		0.00179231970105
109.130000114		-0.00221289508045
109.200000048		-0.00221289508045
109.210000038		-0.00576379336417
109.286999941		-0.00576379336417
109.296999931		-0.00868919398636
109.375999928		-0.00868919398636
109.386000156		-0.0108839701861
109.447999954		-0.0108839701861
109.457999945		-0.0123334340751
109.532000065		-0.0123334340751
109.542000055		-0.0129793109372
109.605000019		-0.0129167316481
109.684999943		-0.0122487908229
109.758000135		-0.0108735486865
109.845000029		-0.00856830924749
109.917999983		-0.00856830924749
109.927999973		-0.00533477496356
109.996999979		-0.00166975311004
110.09800005		-0.00166975311004
110.10800004		0.00249135633931
110.166000128		0.00249135633931
110.176000118		0.00689077097923
110.256999969		0.0115032820031
110.325000048		0.0160409566015
110.411999941		0.0160409566015
110.421999931		0.020380884409
110.480000019		0.024335199967
110.567000151		0.027768433094
110.638000011		0.027768433094
110.648000002		0.0305219199508
110.723999977		0.032519120723
110.792999983		0.032519120723
110.802999973		0.0337189920247
110.881999969		0.034003790468
110.950000048		0.034003790468
110.960000038		0.0335916280746
111.039000034		0.0320910848677
111.105999947		0.0297425445169
111.194000006		0.0297425445169
111.203999996		0.0264298990369
111.263000011		0.0264298990369
111.273000002		0.0226001869887
111.34800005		0.0226001869887
111.358999968		0.0143112763762
111.506999969		0.00949352234602
111.584000111		0.00443926919252
111.674000025		0.00443926919252
111.684000015		-0.000447978556622
111.746000051		-0.000447978556622
111.756000042		-0.00495661096647
111.828999996		-0.00890672300011
111.898999929		-0.0121247693896
111.986999989		-0.0145162744448
112.055999994		-0.0145162744448
112.067000151		-0.0160279627889
112.144000053		-0.0160279627889
112.153000116		-0.0166047196835
112.213999987		-0.0166047196835
112.223999977		-0.0161776635796
112.299999952		-0.0149901341647
112.368000031		-0.0132291577756
112.457000017		-0.0132291577756
112.46600008		-0.0103003261611
112.526000023		-0.00659309001639
112.611999989		-0.00659309001639
112.621999979		-0.00223520980217
112.679000139		0.00242349249311
112.769999981		0.0075552132912
112.840000153		0.0075552132912
112.850000143		0.0128007940948
112.936000109		0.0179125647992
112.996000051		0.0227455850691
113.082000017		0.0227455850691
113.092000008		0.0271401368082
113.151000023		0.0308933220804
113.238000154		0.0308933220804
113.248000145		0.0338029041886
113.305999994		0.0338029041886
113.315999985		0.0358935669065
113.396000147		0.0358935669065
113.406000137		0.0370231308043
113.462000132		0.0370231308043
113.472000122		0.0371901094913
113.551000118		0.0371901094913
113.561000109		0.0363171063364
113.620000124		0.0344646722078
113.707000017		0.031649120152
113.778000116		0.0279941670597
113.86500001		0.023333825171
113.934000015		0.018764840439
114.01699996		0.0137632172555
114.088000059		0.00843105278909
114.177999973		0.00843105278909
114.187999964		0.00280664861202
114.246000051		0.00280664861202
114.256000042		-0.00259015150368
114.335999966		-0.00751623511314
114.404999971		-0.00751623511314
114.414999962		-0.0117945596576
114.492000103		-0.0152456304058
114.562999964		-0.0177215468138
114.648999929		-0.0191797036678
114.719000101		-0.0195827987045
114.804000139		-0.0195827987045
114.81400013		-0.0189062766731
114.874000072		-0.0170912370086
114.959000111		-0.0147789157927
115.032999992		-0.0147789157927
115.042999983		-0.0115335397422
115.117000103		-0.0115335397422
115.127000093		-0.00730090867728
115.187000036		-0.00730090867728
115.197000027		-0.00238076900132
115.269999981		0.00299373199232
115.342000008		0.00868759024888
115.427999973		0.0145139796659
115.496999979		0.0145139796659
115.506999969		0.0201335791498
115.585000038		0.0201335791498
115.595000029		0.0253903791308
115.654000044		0.030099298805
115.74000001		0.030099298805
115.75		0.0340652577579
115.809000015		0.0371032617986
115.894999981		0.0391130521894
115.963999987		0.0391130521894
115.973999977		0.0400860607624
116.052000046		0.0400860607624
116.062000036		0.0399633720517
116.124000072		0.0399633720517
116.134000063		0.0387850627303
116.210000038		0.0387850627303
116.220000029		0.0364678353071
116.279000044		0.0331478454173
116.365999937		0.0288698971272
116.434000015		0.023796942085
116.523999929		0.023796942085
116.534000158		0.0186462663114
116.59100008		0.0130946412683
116.677000046		0.00719075184315
116.746999979		0.00719075184315
116.756999969		0.0010921258945
116.832999945		-0.00471359677613
116.903000116		-0.00471359677613
116.913000107		-0.00996986590326
116.992000103		-0.00996986590326
117.002000093		-0.01447935123
117.059999943		-0.0180503744632
117.148000002		-0.0180503744632
117.157999992		-0.0205074790865
117.226000071		-0.0218340232968
117.328000069		-0.0218340232968
117.338000059		-0.0219812188298
117.400000095		-0.0210075490177
117.483999968		-0.0190422739834
117.554000139		-0.0190422739834
117.56400013		-0.0162290800363
117.640000105		-0.0123551990837
117.713999987		-0.0123551990837
117.723999977		-0.00751490844414
117.796999931		-0.00751490844414
117.80700016		-0.00200546323322
117.868000031		0.00401623127982
117.952000141		0.00401623127982
117.962000132		0.0102334572002
118.02699995		0.0165186654776
118.111000061		0.0225466415286
118.180999994		0.0225466415286
118.190999985		0.0281321872026
118.263999939		0.0330474711955
118.335999966		0.0330474711955
118.345999956		0.0371259748936
118.423000097		0.0401287823915
118.496000051		0.0401287823915
118.506000042		0.0420186705887
118.575000048		0.0427863523364
118.653000116		0.0427863523364
118.663000107		0.0423443578184
118.739000082		0.0405962280929
118.818000078		0.0379763394594
118.888999939		0.0379763394594
118.898000002		0.0340757928789
118.967999935		0.0291696246713
119.052000046		0.0291696246713
119.062000036		0.0233776196837
119.123000145		0.0176710952073
119.210999966		0.0176710952073
119.220999956		0.0115654990077
119.284000158		0.0051625398919
119.365999937		-0.00136568618473
119.437000036		-0.00750697683543
119.523999929		-0.00750697683543
119.534000158		-0.0129944868386
119.595000029		-0.0129944868386
119.605000019		-0.0176072958857
119.680999994		-0.0176072958857
119.690999985		-0.0211387965828
119.771000147		-0.0234815273434
119.840000153		-0.0234815273434
119.850000143		-0.0245859120041
119.911999941		-0.0245859120041
119.921000004		-0.0244038663805
119.993000031		-0.0244038663805
120.003000021		-0.0229544639587
120.065000057		-0.0204917769879
120.150000095		-0.0204917769879
120.160000086		-0.0171145647764
120.222000122		-0.0126824257895
120.302000046		-0.00728395394981
120.388000011		-0.00728395394981
120.398000002		-0.00113452528603
120.462000132		-0.00113452528603
120.470999956		0.00539460405707
120.544000149		0.0121531840414
120.61500001		0.0121531840414
120.625		0.0188904963434
120.705000162		0.0252394713461
120.778000116		0.0310768820345
120.860000134		0.0310768820345
120.870000124		0.0361287035048
120.930000067		0.0402129106224
121.016000032		0.0431236848235
121.085999966		0.0448085032403
121.170000076		0.0448085032403
121.179000139		0.0452092587948
121.243000031		0.0443368703127
121.328000069		0.0443368703127
121.338000059		0.0421897172928
121.398999929		0.0388063788414
121.485000134		0.0343646332622
121.555999994		0.0289622042328
121.640000105		0.0289622042328
121.650000095		0.0226008296013
121.710999966		0.0160261020064
121.795000076		0.0160261020064
121.805000067		0.00942459143698
121.865999937		0.00942459143698
121.875999928		0.00271277083084
121.950999975		0.00271277083084
121.960999966		-0.00418737530708
122.025000095		-0.0105627495795
122.110000134		-0.0105627495795
122.120000124		-0.0208465624601
122.263999939		-0.0208465624601
122.273999929		-0.024333845824
122.337000132		-0.0264939926565
122.424000025		-0.0272806100547
122.493000031		-0.0272806100547
122.503000021		-0.0267127323896
122.577000141		-0.0248237811029
122.648999929		-0.0217966493219
122.736000061		-0.0178714692593
122.809000015		-0.0128621105105
122.89199996		-0.006713159848
122.963000059		-0.006713159848
122.97300005		3.27082780132e-05
123.048000097		0.00703138997778
123.121000051		0.014150747098
123.205000162		0.014150747098
123.215000153		0.0211724210531
123.273999929		0.0211724210531
123.284000158		0.0278223827481
123.35800004		0.0278223827481
123.368000031		0.0337854400277
123.429000139		0.0388735979795
123.515000105		0.0388735979795
123.526000023		0.0428864620626
123.588999987		0.0428864620626
123.598999977		0.0456463433802
123.671999931		0.0470397435129
123.742000103		0.0470397435129
123.753000021		0.0470596924424
123.827000141		0.0470596924424
123.837000132		0.045723374933
123.898000002		0.045723374933
123.907999992		0.0430849120021
123.983999968		0.0430849120021
123.993999958		0.0393015481532
124.052999973		0.0393015481532
124.062999964		0.0342272780836
124.140000105		0.0342272780836
124.150000095		0.0282432958484
124.210999966		0.0282432958484
124.220999956		0.0213949885219
124.298000097		0.0213949885219
124.308000088		0.0142263583839
124.371000051		0.00718090776354
124.450999975		0.000140946533065
124.523000002		-0.00688982661813
124.611999989		-0.0134252868593
124.68200016		-0.0134252868593
124.692000151		-0.0191151928157
124.76699996		-0.023719958961
124.835999966		-0.0270657744259
124.921000004		-0.0289871953428
124.993000031		-0.0294576194137
125.077000141		-0.0284539628774
125.148999929		-0.0260677542537
125.236000061		-0.0260677542537
125.246000051		-0.0175874773413
125.39199996		-0.0175874773413
125.40199995		-0.0121230715886
125.463000059		-0.00567767908797
125.549000025		-0.00567767908797
125.559000015		0.00149731256533
125.618999958		0.00898722559214
125.702000141		0.00898722559214
125.712000132		0.0163969434798
125.773000002		0.0236185304821
125.860000134		0.0303970761597
125.934000015		0.0363999940455
126.013999939		0.0414189174771
126.085000038		0.0452705994248
126.169000149		0.0477920994163
126.24000001		0.0488389879465
126.321000099		0.0488389879465
126.33100009		0.0484933741391
126.398999929		0.0484933741391
126.409000158		0.046695612371
126.463999987		0.046695612371
126.473999977		0.0435613505542
126.549999952		0.0391394793987
126.618000031		0.0391394793987
126.628000021		0.033743172884
126.707000017		0.0272970572114
126.773999929		0.0272970572114
126.784000158		0.0201216489077
126.865999937		0.0123365800828
126.934999943		0.00507011450827
127.021000147		-0.0021146077197
127.092000008		-0.0021146077197
127.101999998		-0.00908603984863
127.174999952		-0.015641214326
127.243999958		-0.021265104413
127.332999945		-0.021265104413
127.342999935		-0.0257264170796
127.40199995		-0.0257264170796
127.411999941		-0.0288408696651
127.490999937		-0.0288408696651
127.500999928		-0.030475769192
127.558000088		-0.030475769192
127.568000078		-0.0305785145611
127.646000147		-0.029160445556
127.713999987		-0.029160445556
127.723999977		-0.0263066571206
127.802999973		-0.0221344567835
127.873000145		-0.0221344567835
127.883000135		-0.017108052969
127.955000162		-0.0109009668231
128.023999929		-0.00412774225697
128.114000082		-0.00412774225697
128.123000145		0.00339354528114
128.183000088		0.00339354528114
128.193000078		0.0186117999256
128.337000132		0.0186117999256
128.34800005		0.025964461267
128.424000025		0.025964461267
128.434000015		0.0327570550144
128.493000031		0.0327570550144
128.503000021		0.0386679880321
128.582000017		0.0435017757118
128.653000116		0.0471067987382
128.74000001		0.0493177548051
128.809000015		0.0500150546432
128.894000053		0.0491836108267
128.963000059		0.0469710566103
129.052999973		0.0433812886477
129.118999958		0.0385389775038
129.203999996		0.032650500536
129.273000002		0.0258679576218
129.361999989		0.0184426121414
129.433000088		0.0105417836457
129.518000126		0.0105417836457
129.528000116		0.00291896075942
129.588000059		-0.00434402003884
129.674000025		-0.0112515995279
129.743000031		-0.0177228245884
129.834000111		-0.0177228245884
129.844000101		-0.0231698639691
129.90199995		-0.0231698639691
129.911999941		-0.0273801311851
129.986999989		-0.0273801311851
129.996999979		-0.0301995370537
130.05700016		-0.0315017513931
130.143000126		-0.0315017513931
130.153000116		-0.0312015116215
130.213999987		-0.0312015116215
130.223999977		-0.0293677859008
130.301000118		-0.0260697416961
130.371000051		-0.0214521996677
130.45600009		-0.0214521996677
130.46600008		-0.0156811438501
130.523999929		-0.00942026544362
130.614000082		-0.00942026544362
130.624000072		-0.00249441666529
130.68200016		0.00518981739879
130.771000147		0.00518981739879
130.781000137		0.0131174763665
130.84100008		0.0131174763665
130.851000071		0.0208607986569
130.926000118		0.0208607986569
130.937000036		0.0280253458768
131.006999969		0.0346822552383
131.08100009		0.0404292196035
131.150000095		0.0404292196035
131.160000086		0.0482945516706
131.30700016		0.0482945516706
131.317000151		0.0501356422901
131.394999981		0.0501356422901
131.404999971		0.0504517741501
131.470999956		0.0504517741501
131.480999947		0.0492024533451
131.546999931		0.0465733036399
131.648999929		0.0424971692264
131.717999935		0.0373426638544
131.802999973		0.0311306342483
131.871000051		0.0240851193666
131.960000038		0.0163400955498
132.029999971		0.00831714924425
132.114000082		0.00831714924425
132.124000072		0.000677901145536
132.193000078		0.000677901145536
132.203000069		-0.00655654724687
132.289000034		-0.00655654724687
132.299000025		-0.0133344717324
132.371999979		-0.0133344717324
132.381999969		-0.0196179971099
132.44900012		-0.0196179971099
132.459000111		-0.024814048782
132.536999941		-0.0287028960884
132.605999947		-0.0311221051961
132.690999985		-0.0313690453768
133.101000071		-0.0313690453768
133.111000061		-0.0303633548319
133.171000004		-0.028482452035
133.242000103		-0.0250210240483
133.322999954		-0.0250210240483
133.332999945		-0.0200868379325
133.406000137		-0.0200868379325
133.416000128		-0.0141180073842
133.476000071		-0.0141180073842
133.486000061		-0.00711804209277
133.561000109		-0.00711804209277
133.571000099		0.000584920751862
133.631999969		0.000584920751862
133.64199996		0.00863662175834
133.72300005		0.00863662175834
133.73300004		0.0167662594467
133.791000128		0.0167662594467
133.801000118		0.0246849395335
133.873000145		0.0246849395335
133.883000135		0.0320580303669
133.943000078		0.0386099591851
134.029999971		0.0386099591851
134.039999962		0.0440621934831
134.104000092		0.0440621934831
134.113000154		0.0482582747936
134.187999964		0.051045961678
134.259000063		0.051045961678
134.269000053		0.0522750765085
134.345000029		0.0520023629069
134.416000128		0.0501258596778
134.503000021		0.0466766916215
134.572000027		0.0417213253677
134.657000065		0.0356022231281
134.726999998		0.0356022231281
134.736999989		0.0288817118853
134.811000109		0.0288817118853
134.821000099		0.021349998191
134.883000135		0.021349998191
134.893000126		0.0130431000143
134.967999935		0.00442021014169
135.039000034		-0.00402270909399
135.125		-0.00402270909399
135.13499999		-0.011951778084
135.196000099		-0.011951778084
135.20600009		-0.0190408304334
135.284000158		-0.0249972771853
135.353000164		-0.0249972771853
135.363000154		-0.0296197663993
135.437000036		-0.0327585227787
135.509000063		-0.0327585227787
135.519000053		-0.0343109071255
135.595999956		-0.0343109071255
135.605999947		-0.0341590344906
135.667000055		-0.032794740051
135.748000145		-0.0299054440111
135.818000078		-0.0253761205822
135.907000065		-0.0193861722946
135.978000164		-0.012320975773
136.06400013		-0.012320975773
136.07400012		-0.00431065401062
136.134000063		-0.00431065401062
136.144000053		0.00421624816954
136.217999935		0.0130223669112
136.289999962		0.0217217747122
136.374000072		0.030012557283
136.446000099		0.030012557283
136.45600009		0.0375645980239
136.532000065		0.0440836586058
136.601999998		0.0440836586058
136.611999989		0.0492822229862
136.684999943		0.0530100353062
136.758000135		0.0530100353062
136.76699996		0.055192951113
136.844000101		0.0557229481637
136.914999962		0.0557229481637
136.924999952		0.054499913007
136.999000072		0.054499913007
137.009000063		0.0516524538398
137.069999933		0.0471445769072
137.157999992		0.0411285795271
137.230999947		0.0339356400073
137.309999943		0.0263281073421
137.414000034		0.0263281073421
137.423000097		0.0177681874484
137.483999968		0.00875587295741
137.568000078		0.00875587295741
137.578000069		-0.000448868901003
137.638999939		-0.00927849207073
137.725000143		-0.00927849207073
137.735000134		-0.0173933915794
137.792999983		-0.0173933915794
137.802999973		-0.02446398139
137.881000042		-0.0302067864686
137.950999975		-0.0302067864686
137.960999966		-0.0344232283533
138.039000034		-0.0344232283533
138.049000025		-0.0369485169649
138.105999947		-0.0369485169649
138.117000103		-0.037766803056
138.196000099		-0.0368768796325
138.263000011		-0.0343876741827
138.34800005		-0.030390586704
138.419000149		-0.0249154418707
138.506999969		-0.0249154418707
138.51699996		-0.0178019627929
138.575999975		-0.0178019627929
138.585999966		-0.00973621569574
138.661999941		-0.00973621569574
138.671999931		-0.000871948956046
138.739000082		-0.000871948956046
138.749000072		0.00837944727391
138.842999935		0.0178175605834
138.913000107		0.0269517805427
139.000999928		0.0269517805427
139.011000156		0.0354421138763
139.075000048		0.0429942049086
139.154999971		0.049281001091
139.243000031		0.0540584847331
139.318000078		0.0572506822646
139.38499999		0.0572506822646
139.394999981		0.0586862899363
139.473999977		0.0582688748837
139.542999983		0.0561710186303
139.631999969		0.0561710186303
139.64199996		0.0522296912968
139.700999975		0.0465778708458
139.788000107		0.039444308728
139.855999947		0.039444308728
139.865999937		0.0315105542541
139.944000006		0.0228596143425
140.015000105		0.0228596143425
140.025000095		0.0136335529387
140.103000164		0.003776605241
140.171999931		0.003776605241
140.18200016		-0.00586295872927
140.258000135		-0.0149288540706
140.327000141		-0.0230579655617
140.414999962		-0.0299350954592
140.48300004		-0.035254329443
140.569000006		-0.035254329443
140.580000162		-0.0388744883239
140.648000002		-0.0406635701656
140.725000143		-0.0405583754182
140.795000076		-0.0405583754182
140.805000067		-0.0386161282659
140.880000114		-0.0386161282659
140.891000032		-0.035153247416
140.94900012		-0.0301466844976
141.036999941		-0.0233289767057
141.105000019		-0.0233289767057
141.11500001		-0.0153677351773
141.203000069		-0.00634442223236
141.25999999		-0.00634442223236
141.269999981		0.00331752514467
141.351000071		0.00331752514467
141.361000061		0.0133320968598
141.421000004		0.0133320968598
141.430999994		0.0231530442834
141.506999969		0.0231530442834
141.51699996		0.0325225032866
141.578000069		0.0410627573729
141.661999941		0.0484529621899
141.730999947		0.0484529621899
141.740999937		0.0543914660811
141.819000006		0.0543914660811
141.828999996		0.0585993677378
141.888999939		0.0610645934939
141.976999998		0.0615961775184
142.046999931		0.0615961775184
142.05700016		0.0602222308517
142.131000042		0.0602222308517
142.141000032		0.0569584593177
142.202000141		0.0519382581115
142.286999941		0.0452669300139
142.358999968		0.0371864438057
142.444999933		0.0371864438057
142.455000162		0.0281787905842
142.51699996		0.0281787905842
142.52699995		0.0187571439892
142.601000071		0.00885852426291
142.673000097		-0.00129187933635
142.758000135		-0.0112163741142
142.834000111		-0.0112163741142
142.844000101		-0.0203443337232
142.906000137		-0.0203443337232
142.916000128		-0.0283398237079
142.992000103		-0.0283398237079
143.002000093		-0.0348786972463
143.062999964		-0.0396772623062
143.150000095		-0.0426048263907
143.220000029		-0.0435254387558
143.305999994		-0.0424815267324
143.381999969		-0.0424815267324
143.39199996		-0.0394761227071
143.459000111		-0.0394761227071
143.469000101		-0.0348688513041
143.546000004		-0.0348688513041
143.555999994		-0.0288123078644
143.631999969		-0.021042952314
143.703000069		-0.021042952314
143.713000059		-0.0120996171609
143.788000107		-0.00228928541765
143.85800004		-0.00228928541765
143.868999958		0.0184706225991
144.016000032		0.0184706225991
144.026000023		0.0285682454705
144.100000143		0.0285682454705
144.110000134		0.0380306467414
144.171999931		0.0380306467414
144.18200016		0.046439114958
144.259000063		0.046439114958
144.269000053		0.0534973181784
144.332999945		0.0589046664536
144.414999962		0.0589046664536
144.426000118		0.0624407194555
144.486000061		0.0640253648162
144.571000099		0.0636179298162
144.648000002		0.0636179298162
144.657999992		0.0612084977329
144.728000164		0.0612084977329
144.738000154		0.0508397966623
144.886000156		0.0431536026299
144.970999956		0.0431536026299
144.980000019		0.0340580046177
145.046000004		0.0242703482509
145.125999928		0.0242703482509
145.136000156		0.0142165794969
145.223999977		0.00380378426053
145.294000149		0.00380378426053
145.304000139		-0.0067392764613
145.381000042		-0.0067392764613
145.391000032		-0.016743466258
145.450000048		-0.025749636814
145.539000034		-0.0334143079817
145.605999947		-0.0334143079817
145.615999937		-0.0394252426922
145.690999985		-0.0435455031693
145.761000156		-0.0435455031693
145.771000147		-0.0456122048199
145.848999977		-0.0456122048199
145.858999968		-0.0455895625055
145.919000149		-0.0435027442873
146.006000042		-0.0435027442873
146.016000032		-0.0395448841155
146.07400012		-0.0395448841155
146.084000111		-0.0339281596243
146.160000086		-0.0267918054014
146.229000092		-0.0181625057012
146.318000078		-0.0181625057012
146.328000069		-0.00828349869698
146.387000084		-0.00828349869698
146.397000074		0.00222309702076
146.473999977		0.00222309702076
146.483999968		0.0130668235943
146.542999983		0.0130668235943
146.552999973		0.0238084942102
146.630000114		0.0340506546199
146.700000048		0.0340506546199
146.710000038		0.0433888025582
146.789000034		0.0433888025582
146.799000025		0.0514914654195
146.858999968		0.0514914654195
146.868999958		0.0580625645816
146.944999933		0.0580625645816
146.955000162		0.0628123581409
147.013999939		0.0628123581409
147.023999929		0.0655452013016
147.101000071		0.0655452013016
147.111000061		0.0661675259471
147.167999983		0.0661675259471
147.177999973		0.0647602453828
147.258000135		0.0647602453828
147.268000126		0.0612391754985
147.327000141		0.0558617524803
147.414000034		0.0487971194088
147.485000134		0.0487971194088
147.495000124		0.0401530824602
147.565999985		0.0401530824602
147.575999975		0.0302711874247
147.63499999		0.0302711874247
147.644000053		0.0196519736201
147.72300005		0.0196519736201
147.73300004		0.00902507919818
147.792000055		-0.00164704432245
147.880000114		-0.012316737324
147.94900012		-0.0222475528717
148.039999962		-0.0222475528717
148.049999952		-0.030985891819
148.10800004		-0.030985891819
148.118000031		-0.0381913371384
148.207999945		-0.0381913371384
148.217999935		-0.0435672923923
148.273000002		-0.0435672923923
148.282999992		-0.0468867272139
148.354000092		-0.0480673834682
148.421999931		-0.0470463559031
148.506000042		-0.0470463559031
148.516000032		-0.0439188592136
148.575000048		-0.0439188592136
148.585000038		-0.0387818180025
148.664999962		-0.0387818180025
148.674999952		-0.031848244369
148.732000113		-0.031848244369
148.740999937		-0.0238054040819
148.819000006		-0.0143230883405
148.888000011		-0.0143230883405
148.898000002		-0.00379212107509
148.978000164		0.00708168977872
149.049000025		0.00708168977872
149.059000015		0.0182294622064
149.157000065		0.0182294622064
149.167000055		0.0291784666479
149.230000019		0.0393858142197
149.312999964		0.0484666973352
149.384000063		0.0560940168798
149.470000029		0.0560940168798
149.480000019		0.0619981251657
149.539999962		0.0619981251657
149.549999952		0.0659526959062
149.624000072		0.0659526959062
149.63499999		0.0677493810654
149.70600009		0.0674122869968
149.781000137		0.0674122869968
149.791000128		0.0649315789342
149.854000092		0.0603995025158
149.936000109		0.0603995025158
149.946000099		0.0540119111538
150.006999969		0.04596324265
150.095999956		0.0364859476686
150.166000128		0.0259751938283
150.25		0.0148130012676
150.327000141		0.0148130012676
150.337000132		0.00391657929868
150.427999973		0.00391657929868
150.437000036		-0.00702269515023
150.496000051		-0.0175997391343
150.585000038		-0.0272715985775
150.657000065		-0.0355446897447
150.74000001		-0.0355446897447
150.749000072		-0.0420939773321
150.808000088		-0.046674080193
150.894999981		-0.0490657910705
150.963999987		-0.0492113865912
151.054000139		-0.047140147537
151.123000145		-0.0429441742599
151.209000111		-0.0368475280702
151.278000116		-0.0368475280702
151.288000107		-0.0292092524469
151.36500001		-0.0202906914055
151.436000109		-0.0202906914055
151.446000099		-0.0100676491857
151.521000147		0.000982692465186
151.600000143		0.0124140959233
151.686000109		0.0124140959233
151.697000027		0.0237766411155
151.758000135		0.034624800086
151.84800005		0.0445642732084
151.917000055		0.0445642732084
151.927000046		0.0532288998365
151.999000072		0.0532288998365
152.009000063		0.0602518953383
152.071000099		0.0654040500522
152.154999971		0.0684501603246
152.228000164		0.0684501603246
152.238000154		0.0692404285073
152.315999985		0.0679035708308
152.384000063		0.0643700286746
152.47300005		0.0643700286746
152.48300004		0.0587460137904
152.542000055		0.0514084473252
152.631000042		0.0424881093204
152.697999954		0.0322375558317
152.784000158		0.0210629161447
152.853000164		0.00958011578768
152.937999964		0.00958011578768
152.94900012		-0.00158186338376
153.008000135		-0.0124688940123
153.097000122		-0.0124688940123
153.107000113		-0.0227624271065
153.177999973		-0.0227624271065
153.187999964		-0.0320251397789
153.249000072		-0.0320251397789
153.259000063		-0.0397194847465
153.338000059		-0.045527137816
153.411000013		-0.045527137816
153.421000004		-0.049214631319
153.493000031		-0.049214631319
153.503000021		-0.0506381690502
153.575000048		-0.0497475229204
153.651000023		-0.0466106124222
153.72300005		-0.0413519442081
153.805000067		-0.0413519442081
153.81400013		-0.0341863743961
153.880000114		-0.0257393252105
153.950999975		-0.016066595912
154.041000128		-0.00522448541597
154.111000061		-0.00522448541597
154.121000051		0.00620845425874
154.196000099		0.00620845425874
154.20600009		0.0178796630353
154.275000095		0.0292106289417
154.350000143		0.0398992858827
154.421999931		0.0398992858827
154.43200016		0.0494468770921
154.506000042		0.0575022175908
154.580000162		0.0575022175908
154.590000153		0.0637943670154
154.664999962		0.0637943670154
154.674999952		0.0680688098073
154.736999989		0.0680688098073
154.746999979		0.0701463446021
154.818000078		0.0701463446021
154.828000069		0.0699193254113
154.898000002		0.0699193254113
154.907999992		0.0674496665597
154.970000029		0.0628975853324
155.052999973		0.0628975853324
155.062999964		0.0563187897205
155.121999979		0.0479630045593
155.213000059		0.0384053438902
155.282999992		0.02760049887
155.368000031		0.0159983970225
155.434999943		0.0159983970225
155.444999933		0.00422353995964
155.521000147		-0.00699477363378
155.590000153		-0.0175981055945
155.679000139		-0.0274070091546
155.75		-0.0274070091546
155.75999999		-0.0360881350935
155.835999966		-0.0360881350935
155.845999956		-0.0430522970855
155.904999971		-0.0480128750205
155.99000001		-0.0480128750205
156.0		-0.0507653169334
156.061000109		-0.0511850565672
156.151000023		-0.0511850565672
156.161000013		-0.0492597036064
156.217999935		-0.0492597036064
156.228000164		-0.0450846776366
156.302000046		-0.0388514325023
156.371000051		-0.030831689015
156.463000059		-0.030831689015
156.47300005		-0.021659931168
156.532999992		-0.0113636273891
156.614000082		-0.000221766531467
156.684000015		0.0114397294819
156.773999929		0.0231144782156
156.851999998		0.0231144782156
156.861999989		0.0342389717698
156.927000046		0.0444983579218
157.029999971		0.0444983579218
157.039999962		0.0534935221076
157.101000071		0.0534935221076
157.111000061		0.0608513318002
157.187999964		0.0608513318002
157.197999954		0.0662644654512
157.261000156		0.0695701688528
157.345000029		0.070627681911
157.413000107		0.070627681911
157.423000097		0.0693765282631
157.500999928		0.0658782050014
157.572999954		0.0658782050014
157.582000017		0.060325499624
157.657999992		0.060325499624
157.667000055		0.0529292225838
157.730000019		0.0438764467835
157.811000109		0.0438764467835
157.821000099		0.0336499512196
157.883000135		0.0223620347679
157.969000101		0.0105844745412
158.041000128		0.0105844745412
158.051000118		-0.0122285299003
158.197000027		-0.0122285299003
158.207000017		-0.0225225612521
158.282000065		-0.0225225612521
158.292000055		-0.0317581407726
158.355000019		-0.0317581407726
158.36500001		-0.0397318452597
158.437999964		-0.0458418950438
158.511000156		-0.0458418950438
158.521000147		-0.0498330369592
158.595999956		-0.0498330369592
158.605999947		-0.0515555553138
158.667000055		-0.0515555553138
158.677999973		-0.0509431622922
158.752000093		-0.0479827076197
158.822999954		-0.0479827076197
158.832999945		-0.0428503379226
158.910000086		-0.0428503379226
158.920000076		-0.0357577875257
158.990999937		-0.0270143784583
159.061000109		-0.0270143784583
159.071000099		-0.0170233119279
159.131000042		-0.00615042448044
159.217999935		0.00521075399593
159.292999983		0.00521075399593
159.302999973		0.0168830323964
159.374000072		0.0168830323964
159.384000063		0.0282092392445
159.444999933		0.0388162285089
159.529999971		0.0388162285089
159.539999962		0.0483194813132
159.601999998		0.0563519410789
159.687000036		0.0563519410789
159.697000027		0.0626002326608
159.756000042		0.0626002326608
159.76699996		0.0668219476938
159.845999956		0.0668219476938
159.855999947		0.0688540190458
159.917000055		0.0686183422804
159.998000145		0.0661236569285
160.072000027		0.0614645555615
160.154999971		0.0548178814352
160.225000143		0.0548178814352
160.235000134		0.0464360713959
160.311000109		0.0366376116872
160.383000135		0.0257949810475
160.467000008		0.0257949810475
160.478000164		0.014320476912
160.538000107		0.00265051377937
160.623000145		0.00265051377937
160.633000135		-0.00877103116363
160.694999933		-0.0195097625256
160.781000137		-0.0195097625256
160.792000055		-0.0291573368013
160.875999928		-0.0373462848365
160.934000015		-0.0437658950686
161.006000042		-0.0437658950686
161.016000032		-0.0481726825237
161.092000008		-0.0481726825237
161.101999998		-0.0503993965685
161.163000107		-0.0503615327179
161.253000021		-0.0480605848134
161.322000027		-0.0480605848134
161.332000017		-0.0435839779675
161.404999971		-0.0371018052101
161.476000071		-0.0371018052101
161.486999989		-0.0288604050875
161.571000099		-0.0191730558872
161.634000063		-0.0191730558872
161.644000053		-0.00840809289366
161.717999935		-0.00840809289366
161.728000164		0.00302520440891
161.789000034		0.00302520440891
161.799000025		0.0146920112893
161.873000145		0.014