ep	re
0	-1791.09741211
1	-1094.94836426
2	-1803.85119629
3	-2346.46801758
4	-1987.87109375
5	-1990.25524902
6	-1650.80004883
7	-2283.62182617
8	-2265.02929688
9	-2024.37573242
10	-2253.30932617
11	-2284.62084961
12	-2299.27783203
13	-2267.06713867
14	-2295.59350586
15	-2262.11645508
16	-2307.26611328
17	-2194.12353516
18	-2291.20092773
19	-2295.75732422
20	-2220.12841797
21	-1950.20544434
22	-2287.94165039
23	-1993.78405762
24	-2028.70654297
25	-1610.65148926
26	-2289.28076172
27	-2279.29150391
28	-1780.34533691
29	-1260.80480957
30	-886.617004395
31	-1488.5324707
32	-2279.34741211
33	-2024.84082031
34	-0.401767164469
35	-2269.86572266
36	-2123.2253418
37	-131.140380859
38	-1750.70422363
39	-132.974533081
40	-272.19934082
41	-1641.06311035
42	-1634.16101074
43	-134.511383057
44	-261.297912598
45	-270.016357422
46	-259.002349854
47	-283.804595947
48	-3.81145429611
49	-288.931121826
50	-126.695075989
51	-1.4451315403
52	-115.189041138
53	-130.4712677
54	-265.768157959
55	-0.981367111206
56	-131.894119263
57	-272.775054932
58	-132.473373413
59	-129.731414795
60	-258.739715576
61	-407.280883789
62	-383.397460938
63	-353.362854004
64	-246.969238281
65	-925.545410156
66	-125.897186279
67	-243.987731934
68	-1.53113281727
69	-249.0831604
70	-1.29569792747
71	-1.29063773155
72	-256.846435547
73	-126.248985291
74	-1.9987847805
75	-130.428665161
76	-252.005325317
77	-245.978256226
78	-728.596191406
79	-723.813598633
80	-791.396240234
81	-127.7345047
82	-131.878509521
83	-227.612930298
84	-237.251998901
85	-2.42858242989
86	-129.638916016
87	-244.319778442
88	-2.26657414436
89	-3.15634131432
90	-128.993743896
91	-132.036499023
92	-131.494247437
93	-134.104263306
94	-132.975097656
95	-2.34296965599
96	-242.426071167
97	-132.077072144
98	-133.228866577
99	-134.495681763
100	-134.798278809
101	-228.086532593
102	-125.688194275
103	-127.044700623
104	-248.579650879
105	-132.297897339
106	-122.530250549
107	-131.643005371
108	-133.159179688
109	-117.401489258
110	-256.588623047
111	-263.323974609
112	-3.32986688614
113	-4.88467788696
114	-126.753837585
115	-4.6058216095
116	-240.217956543
117	-1069.1217041
118	-131.053344727
119	-478.663818359
120	-127.588516235
121	-138.485198975
122	-9.31801509857
123	-9.73141765594
124	-121.286987305
125	-139.325393677
126	-136.358428955
127	-136.558151245
128	-11.373333931
129	-142.912704468
130	-12.8069925308
131	-14.5373764038
132	-143.33392334
133	-262.727722168
134	-358.720916748
135	-257.617462158
136	-143.435501099
137	-6.19370269775
138	-135.535720825
139	-1.49267184734
140	-252.076400757
141	-2.3012149334
142	-246.825973511
143	-236.796463013
144	-127.813468933
145	-135.971939087
146	-659.269287109
147	-133.519165039
148	-118.031921387
149	-130.37727356
150	-127.384910583
151	-120.715873718
152	-124.617294312
153	-223.81350708
154	-137.167129517
155	-127.118156433
156	-374.183563232
157	-256.325469971
158	-13.8637371063
159	-242.841720581
160	-13.5673046112
161	-143.870956421
162	-255.295410156
163	-139.273971558
164	-134.278366089
165	-358.434112549
166	-121.929824829
167	-138.438140869
168	-139.587036133
169	-12.890086174
170	-144.835418701
171	-142.304443359
172	-136.407730103
173	-14.3778152466
174	-13.946680069
175	-135.158416748
176	-267.565460205
177	-796.17956543
178	-242.268478394
179	-251.184585571
180	-138.58366394
181	-134.934417725
182	-134.298370361
183	-141.495223999
184	-135.87550354
185	-132.30859375
186	-143.579849243
187	-18.3321380615
188	-134.467407227
189	-253.818878174
190	-491.655975342
191	-1063.70141602
192	-233.848831177
193	-245.512741089
194	-17.4389858246
195	-138.278305054
196	-272.718994141
197	-258.992553711
198	-254.794113159
199	-131.629196167
200	-129.220626831
