ep	re
0	-1366.42041016
1	-2118.48071289
2	-1681.4140625
3	-2340.13598633
4	-2305.4777832
5	-1808.57470703
6	-2288.34790039
7	-2199.10546875
8	-2642.38696289
9	-2149.36987305
10	-2129.1081543
11	-1726.61218262
12	-2046.63244629
13	-2271.66674805
14	-2301.7956543
15	-2175.15332031
16	-2153.02001953
17	-2293.33837891
18	-2281.63916016
19	-2299.83447266
20	-2184.76831055
21	-2269.43505859
22	-2218.9230957
23	-1961.96887207
24	-1862.21203613
25	-1468.42175293
26	-1252.07775879
27	-2258.14257812
28	-2277.96606445
29	-969.515380859
30	-2231.98510742
31	-1475.01403809
32	-1512.45898438
33	-1577.50427246
34	-1962.73522949
35	-1699.3223877
36	-1384.68859863
37	-1770.35144043
38	-1090.9119873
39	-2283.90478516
40	-2286.38769531
41	-2275.47070312
42	-2.14960241318
43	-136.984466553
44	-415.515991211
45	-135.114700317
46	-1953.66723633
47	-284.795837402
48	-659.357543945
49	-1.37549293041
50	-1760.51379395
51	-832.762512207
52	-1788.24890137
53	-255.659896851
54	-2275.25439453
55	-2248.05102539
56	-642.449829102
57	-530.250976562
58	-1110.12329102
59	-2252.44897461
60	-275.288726807
61	-244.734603882
62	-926.134155273
63	-135.57093811
64	-430.584259033
65	-130.434753418
66	-127.246948242
67	-417.390228271
68	-126.254905701
69	-122.952720642
70	-2273.00585938
71	-2285.89501953
72	-392.63104248
73	-129.258621216
74	-521.35559082
75	-278.04119873
76	-767.876281738
77	-398.972686768
78	-529.664306641
79	-1.19053936005
80	-1.62703597546
81	-128.456375122
82	-249.461517334
83	-125.200920105
84	-129.736221313
85	-2279.31982422
86	-130.691329956
87	-2286.93115234
88	-1335.68945312
89	-907.382629395
90	-388.721862793
91	-1298.51489258
92	-303.467559814
93	-1.41803598404
94	-381.114746094
95	-626.349060059
96	-256.90814209
97	-1.37677466869
98	-233.915008545
99	-274.550811768
100	-129.220291138
101	-131.279541016
102	-129.610900879
103	-0.615929961205
104	-869.654724121
105	-128.621749878
106	-857.147888184
107	-926.957702637
108	-129.570648193
109	-126.745155334
110	-128.507537842
111	-277.856384277
112	-119.835205078
113	-267.727874756
114	-240.034973145
115	-132.513748169
116	-395.926239014
117	-246.643081665
118	-130.087509155
119	-3.40848684311
120	-130.290420532
121	-306.024719238
122	-135.426681519
123	-387.988250732
124	-132.290252686
125	-131.011978149
126	-129.228149414
127	-130.387878418
128	-128.698486328
129	-129.754013062
130	-129.122329712
131	-136.681442261
132	-132.857330322
133	-134.415390015
134	-138.22895813
135	-134.577438354
136	-135.504119873
137	-4.10176229477
138	-129.419555664
139	-401.953033447
140	-277.188995361
141	-824.098510742
142	-270.002166748
143	-129.396621704
144	-133.104492188
145	-1469.04187012
146	-790.82019043
147	-381.530517578
148	-1348.08398438
149	-520.474365234
150	-255.83454895
151	-130.216201782
152	-125.246673584
153	-130.715499878
154	-125.96710968
155	-129.952667236
156	-0.633433401585
157	-129.165710449
158	-130.424667358
159	-129.321609497
160	-764.063110352
161	-255.529266357
162	-118.268074036
163	-259.089263916
164	-125.957580566
165	-2.34061908722
166	-410.912017822
167	-126.144622803
168	-381.991333008
169	-245.817428589
170	-129.872055054
171	-220.717315674
172	-128.614929199
173	-124.680435181
174	-362.269592285
175	-2.45768284798
176	-128.654006958
177	-256.561462402
178	-269.814422607
179	-0.0944736674428
180	-647.514221191
181	-251.000595093
182	-146.001693726
183	-394.124694824
184	-386.223693848
185	-145.988327026
186	-251.118835449
187	-423.325073242
188	-17.2458553314
189	-266.142211914
190	-4.52263832092
191	-414.828765869
192	-397.907104492
193	-1390.78527832
194	-147.796127319
195	-412.660644531
196	-264.001586914
197	-140.022598267
198	-138.672561646
199	-377.685089111
200	-250.721466064
