# Epochs: 50 | Run Length: 300 | Memory Size: 1000 | Batch Size: 40 | Initial Epsilon: 1
ep        re
0         -1888.875366
1         -2597.891602
2         -2306.797607
3         -2169.911377
4         -2284.701416
5         -2269.239746
6         -2295.859375
7         -2292.099609
8         -2280.066895
9         -2243.094971
10        -2267.556641
11        -2277.216553
12        -2204.222656
13        -2124.835205
14        -2276.011719
15        -2138.186279
16        -2275.074707
17        -2185.269043
18        -2184.388672
19        -2223.056885
20        -1514.967041
21        -2239.296631
22        -2167.214600
23        -2057.690674
24        -2189.190430
25        -1984.052002
26        -1931.134033
27        -1428.307739
28        -1494.111694
29        -1655.527466
30        -1920.909424
31        -1017.370605
32        -1363.186646
33        -1355.324585
34        -1357.018799
35        -398.033905
36        -433.351074
37        -137.478317
38        -6.917524
39        -130.111694
40        -127.205795
41        -275.214661
42        -134.301529
43        -2.229847
44        -126.729576
45        -406.749512
46        -249.446854
47        -1313.884033
48        -126.972961
49        -513.790955
