# Epochs: 500 | Run Length: 300 | Memory Size: 1000 | Batch Size: 40 | Initial Epsilon: 1
ep	re
0	-1941.05432129
1	-2740.57568359
2	-2298.96948242
3	-2171.16577148
4	-2251.22412109
5	-2183.56054688
6	-1956.95336914
7	-1960.33068848
8	-2188.59814453
9	-2045.45166016
10	-1925.30371094
11	-2085.03979492
12	-2374.26708984
13	-952.570556641
14	-766.830749512
15	-1233.43823242
16	-1719.67773438
17	-2109.58007812
18	-1781.14465332
19	-1482.70568848
20	-1207.07495117
21	-552.508850098
22	-149.162979126
23	-1654.26525879
24	-948.646118164
25	-682.68182373
26	-995.099609375
27	-407.843841553
28	-2289.42456055
29	-994.23815918
30	-554.758728027
31	-2229.38989258
32	-13.0945968628
33	-279.134979248
34	-947.72442627
35	-1470.35473633
36	-809.979431152
37	-704.467834473
38	-449.260620117
39	-434.852905273
40	-458.361541748
41	-136.035186768
42	-127.617271423
43	-550.829040527
44	-832.217224121
45	-275.692108154
46	-7.23461818695
47	-1338.02307129
48	-813.761230469
49	-154.591949463
50	-147.718902588
51	-397.431640625
52	-140.758865356
53	-146.031341553
54	-18.2684993744
55	-140.922409058
56	-363.440643311
57	-130.538482666
58	-249.616989136
59	-275.398956299
60	-536.480895996
61	-139.736480713
62	-263.506317139
63	-259.38458252
64	-2.86793088913
65	-240.74130249
66	-252.562484741
67	-240.233200073
68	-136.853134155
69	-133.884063721
70	-2059.23876953
71	-262.004882812
72	-249.702758789
73	-247.431747437
74	-120.633781433
75	-1906.79309082
76	-1.78667247295
77	-388.360015869
78	-125.144294739
79	-643.347290039
80	-128.139663696
81	-238.888641357
82	-128.313751221
83	-250.393157959
84	-2.69482755661
85	-129.458938599
86	-128.272109985
87	-235.83782959
88	-128.281341553
89	-125.297592163
90	-317.214080811
91	-244.617904663
92	-121.171211243
93	-893.121398926
94	-525.971618652
95	-878.42376709
96	-128.570205688
97	-467.60647583
98	-4.7413392067
99	-127.491027832
100	-250.274703979
101	-130.140914917
102	-125.946784973
103	-257.45602417
104	-239.886978149
105	-127.860099792
106	-129.107910156
107	-4.9868388176
108	-120.574729919
109	-124.58631134
110	-132.241882324
111	-128.345397949
112	-116.898925781
113	-123.958236694
114	-118.250434875
115	-1.76319766045
116	-123.845443726
117	-518.876342773
118	-123.708763123
119	-2.83972358704
120	-118.678207397
121	-3.46369338036
122	-532.140258789
123	-127.464515686
124	-121.08265686
125	-125.742393494
126	-1.92207157612
127	-122.799285889
128	-269.862579346
129	-2.35107707977
130	-246.303451538
131	-125.19405365
132	-129.815261841
133	-115.967262268
134	-232.192184448
135	-122.490936279
136	-224.76991272
137	-131.138397217
138	-262.768096924
139	-116.335723877
140	-125.485145569
141	-503.454742432
142	-124.521278381
143	-253.642578125
144	-131.985305786
145	-363.762420654
146	-236.461898804
147	-247.587463379
148	-131.49168396
149	-5.52083301544
150	-119.177474976
151	-4.45096921921
152	-254.609741211
153	-502.942565918
154	-308.764129639
155	-235.156707764
156	-7.39333057404
157	-128.234802246
158	-238.586456299
159	-131.293014526
160	-119.968833923
161	-4.62414550781
162	-130.178649902
163	-1.2477042675
164	-123.491355896
165	-120.397377014
166	-132.673339844
167	-124.673072815
168	-118.836624146
169	-2265.46264648
170	-262.074005127
171	-128.725616455
172	-1.21004915237
173	-129.866729736
174	-2.16512608528
175	-135.465118408
176	-654.298278809
177	-0.767615258694
178	-2.27992773056
179	-623.346984863
180	-131.472793579
181	-1.16345500946
182	-292.927276611
183	-130.067855835
184	-266.512908936
185	-120.07837677
186	-246.636657715
187	-123.3934021
188	-127.618003845
189	-3.11842179298
190	-116.383750916
191	-129.545440674
192	-247.007049561
193	-132.72605896
194	-4.5966424942
195	-2.97879290581
196	-264.660461426
197	-124.344947815
198	-131.013397217
199	-118.624092102
200	-127.216514587
201	-124.032531738
202	-115.771057129
203	-247.09362793
204	-250.38911438
205	-115.767417908
206	-128.132675171
207	-1.41516971588
208	-252.71685791
209	-243.211807251
210	-508.117675781
211	-238.712417603
212	-121.402084351
213	-248.356399536
214	-7.39169979095
215	-130.648162842
216	-131.088424683
217	-122.858673096
218	-245.708114624
219	-135.517959595
220	-128.408538818
221	-387.7890625
222	-237.526733398
223	-117.607559204
224	-227.990447998
225	-129.543716431
226	-126.295822144
227	-3.94630908966
228	-248.15687561
229	-6.98840141296
230	-127.804985046
231	-124.268798828
232	-130.448028564
233	-129.826828003
234	-242.275909424
235	-2309.84057617
236	-898.516723633
237	-134.960830688
238	-497.004455566
239	-117.707893372
240	-244.963134766
241	-125.866195679
242	-254.278137207
243	-117.127212524
244	-128.497894287
245	-120.317504883
246	-119.928779602
247	-5.15999269485
248	-253.454910278
249	-393.345855713
250	-135.15524292
251	-6.9535779953
252	-132.659317017
253	-132.729171753
254	-7.5528922081
255	-247.972229004
256	-249.871612549
257	-132.541931152
258	-248.721160889
259	-132.242218018
260	-7.64629125595
261	-362.582061768
262	-244.779083252
263	-126.270965576
264	-123.082130432
265	-387.176727295
266	-131.806762695
267	-124.768287659
268	-239.414840698
269	-259.084289551
270	-7.82796192169
271	-135.172393799
272	-251.229690552
273	-9.63140010834
274	-130.340820312
275	-364.42199707
276	-229.634735107
277	-130.970733643
278	-261.252838135
279	-243.013198853
280	-246.315963745
281	-293.592529297
282	-377.333831787
283	-247.333587646
284	-135.502182007
285	-130.876251221
286	-130.544281006
287	-10.8411531448
288	-127.837669373
289	-126.034927368
290	-6.49629354477
291	-125.35358429
292	-343.851196289
293	-119.61277771
294	-127.334365845
295	-5.07133436203
296	-118.58001709
297	-133.936981201
298	-4.8959441185
299	-5.10670280457
300	-252.536010742
301	-138.984024048
302	-237.056182861
303	-124.410018921
304	-258.41607666
305	-118.937522888
306	-349.702972412
307	-248.88772583
308	-128.607788086
309	-128.829956055
310	-3.89361166954
311	-350.777618408
312	-133.255493164
313	-125.54296875
314	-6.75467348099
315	-233.377059937
316	-133.956176758
317	-133.427383423
318	-124.359382629
319	-125.630531311
320	-126.108520508
321	-127.325302124
322	-522.989318848
323	-396.519012451
324	-134.191986084
325	-254.477371216
326	-133.212432861
327	-144.632003784
328	-277.984954834
329	-147.816192627
330	-136.536407471
331	-240.437683105
332	-383.81463623
333	-141.59753418
334	-1172.41259766
335	-688.990356445
336	-119.406684875
337	-1.97541546822
338	-129.525222778
339	-125.40687561
340	-384.711425781
341	-117.619796753
342	-128.84588623
343	-0.956081449986
344	-248.364746094
345	-126.95198822
346	-125.990112305
347	-117.207077026
348	-121.591804504
349	-239.050811768
350	-124.173286438
351	-118.693389893
352	-233.56187439
353	-119.017997742
354	-131.743179321
355	-7.01656293869
356	-116.724243164
357	-124.95501709
358	-121.028907776
359	-124.160881042
360	-123.32913208
361	-2.96433353424
362	-226.867980957
363	-3.26639246941
364	-123.139533997
365	-120.76815033
366	-123.093086243
367	-238.746292114
368	-239.999801636
369	-357.641143799
370	-290.723358154
371	-235.892929077
372	-5.70382165909
373	-252.522598267
374	-244.458206177
375	-8.56571292877
376	-129.666107178
377	-244.924423218
378	-4.18727064133
379	-255.60383606
380	-129.586898804
381	-137.929779053
382	-128.41305542
383	-125.274665833
384	-230.683166504
385	-126.943740845
386	-238.865036011
387	-118.22353363
388	-248.286224365
389	-124.931022644
390	-129.471542358
391	-300.157653809
392	-227.230560303
393	-138.536605835
394	-127.059646606
395	-126.058990479
396	-6.68131113052
397	-133.20753479
398	-131.828079224
399	-256.738342285
400	-131.797409058
401	-2.08392810822
402	-124.729866028
403	-250.547180176
404	-253.573928833
405	-263.226745605
406	-133.697631836
407	-139.5675354
408	-125.340362549
409	-138.58732605
410	-131.855712891
411	-124.257316589
412	-121.794525146
413	-127.21105957
414	-228.701568604
415	-3.09596347809
416	-132.108398438
417	-132.555252075
418	-232.46987915
419	-126.256401062
420	-129.620330811
421	-131.513397217
422	-116.747947693
423	-231.868988037
424	-124.193191528
425	-127.553215027
426	-122.522209167
427	-123.305831909
428	-237.563018799
429	-135.089614868
430	-3.48130488396
431	-129.863296509
432	-127.779083252
433	-120.330177307
434	-132.281799316
435	-128.142868042
436	-130.028564453
437	-252.528518677
438	-129.809936523
439	-9.58981132507
440	-319.64239502
441	-128.629089355
442	-136.306060791
443	-256.244537354
444	-139.591018677
445	-138.581314087
446	-139.640899658
447	-132.086380005
448	-129.762985229
449	-114.910888672
450	-127.50390625
451	-9.37012481689
452	-136.160171509
453	-135.485076904
454	-234.098495483
455	-340.471618652
456	-124.184188843
457	-3.27799582481
458	-125.445640564
459	-4.40740776062
460	-258.739959717
461	-262.51675415
462	-247.659439087
463	-132.214202881
464	-131.661712646
465	-129.884094238
466	-131.845230103
467	-256.345794678
468	-133.610214233
469	-5.53521442413
470	-4.62631702423
471	-124.327270508
472	-134.206558228
473	-5.77971220016
474	-403.600158691
475	-240.403549194
476	-255.622817993
477	-246.057235718
478	-129.228942871
479	-4.54639339447
480	-369.15536499
481	-124.157417297
482	-10.0702238083
483	-133.71005249
484	-388.379974365
485	-136.921173096
486	-357.481933594
487	-137.619171143
488	-246.024703979
489	-130.533966064
490	-119.761070251
491	-131.299224854
492	-250.976455688
493	-117.787986755
494	-7.09111738205
495	-129.18711853
496	-127.34564209
497	-125.556098938
498	-131.917694092
499	-125.729202271
