0	[-560.41939753]
1	[-753.08977649]
2	[-824.04602916]
3	[-708.48110334]
4	[-593.344457]
5	[-469.26399755]
6	[-484.68483142]
7	[-497.77948379]
8	[-372.13112267]
9	[-874.610904]
10	[-483.41965832]
11	[-760.35793752]
12	[-598.5949707]
13	[-721.6273371]
14	[-593.45543855]
15	[-575.32345153]
16	[-556.2672486]
17	[-601.24590781]
18	[-479.0813295]
19	[-695.79492613]
20	[-601.96183937]
21	[-662.83241089]
22	[-605.84973145]
23	[-834.63149746]
24	[-582.25003327]
25	[-375.89399474]
26	[-527.46089537]
27	[-587.24474898]
28	[-498.87881045]
29	[-851.12414954]
30	[-726.30545947]
31	[-589.80077961]
32	[-719.84560604]
33	[-920.00895697]
34	[-490.99863588]
35	[-758.36974778]
36	[-452.27897326]
37	[-712.7049772]
38	[-374.41160183]
39	[-853.26328078]
40	[-502.36519645]
41	[-606.18150472]
42	[-781.05540656]
43	[-920.89699398]
44	[-514.8431317]
45	[-494.83236925]
46	[-721.72945814]
47	[-837.51009981]
48	[-756.46152871]
49	[-380.5730162]
50	[-736.92865064]
51	[-588.55623206]
52	[-638.09802031]
53	[-601.19658586]
54	[-564.7751629]
55	[-833.41120784]
56	[-487.37289429]
57	[-629.76119736]
58	[-555.36269553]
59	[-573.21008009]
60	[-554.84180875]
61	[-632.976836]
62	[-693.26467586]
63	[-481.91586367]
64	[-401.79074247]
65	[-710.89498559]
66	[-345.54388428]
67	[-738.11083813]
68	[-488.36320755]
69	[-641.80531209]
70	[-602.18442817]
71	[-824.34989779]
72	[-440.74588126]
73	[-581.02505345]
74	[-589.94025074]
75	[-626.89046267]
76	[-600.67458753]
77	[-373.12764489]
78	[-491.20049857]
79	[-427.92254168]
80	[-540.86657715]
81	[-471.34003587]
82	[-589.68518066]
83	[-757.97276366]
84	[-613.73268188]
85	[-604.13650742]
86	[-722.24882259]
87	[-862.56723039]
88	[-483.21874263]
89	[-831.33047743]
90	[-605.236809]
91	[-754.67068414]
92	[-701.89086077]
93	[-648.90036268]
94	[-522.73398289]
95	[-369.68373196]
96	[-380.40702944]
97	[-613.67687988]
98	[-606.0626244]
99	[-674.68572998]
100	[-839.93821445]
101	[-569.05487061]
102	[-690.01136376]
103	[-667.7310791]
104	[-632.74167948]
105	[-261.90016206]
106	[-384.834205]
107	[-583.51577975]
108	[-432.31647798]
109	[-493.81240845]
110	[-554.06236033]
111	[-857.60459485]
112	[-473.77670288]
113	[-529.44694093]
114	[-609.96146304]
115	[-527.27734375]
116	[-827.86682763]
117	[-475.71805851]
118	[-501.29394571]
119	[-534.69232178]
120	[-378.21035767]
121	[-559.82550049]
122	[-512.62233311]
123	[-599.16845886]
124	[-768.81456531]
125	[-500.45876388]
126	[-490.67950439]
127	[-552.27266185]
128	[-709.66995431]
129	[-645.81916774]
130	[-578.01490794]
131	[-518.80208846]
132	[-495.77971341]
133	[-491.11320803]
134	[-248.89685059]
135	[-619.38935156]
136	[-641.13873291]
137	[-601.75456054]
138	[-495.16045736]
139	[-579.86491132]
140	[-663.24979574]
141	[-603.41375298]
142	[-423.31695474]
143	[-769.35144043]
144	[-541.2767334]
145	[-491.14944253]
146	[-374.09179688]
147	[-645.05278172]
148	[-195.32260306]
149	[-509.7370965]
150	[-611.58971359]
151	[-631.69348145]
152	[-665.97629855]
153	[-380.83983397]
154	[-625.09783936]
155	[-601.12325999]
156	[-584.00995869]
157	[-393.62963248]
158	[-635.09168273]
159	[-489.41447851]
160	[-642.21854827]
161	[-510.0163269]
162	[-619.02515659]
163	[-681.04223901]
164	[-486.5747551]
165	[-573.05030578]
166	[-685.72598361]
167	[-639.11679103]
168	[-468.14503106]
169	[-422.61482219]
170	[-518.7348306]
171	[-503.23105269]
172	[-493.75015259]
173	[-459.22174072]
174	[-727.66178787]
175	[-485.4961853]
176	[-378.16873169]
177	[-484.01062012]
178	[-367.0557251]
179	[-606.79089355]
180	[-495.66878306]
181	[-706.34066905]
182	[-545.95227066]
183	[-489.68177593]
184	[-417.20434731]
185	[-614.76263653]
186	[-487.61296173]
187	[-484.4461038]
188	[-601.67020041]
189	[-490.37966919]
190	[-476.68183322]
191	[-456.49487305]
192	[-382.80758323]
193	[-606.44213867]
194	[-338.94082917]
195	[-377.98139993]
196	[-376.42416382]
197	[-487.86904907]
198	[-207.81643677]
199	[-604.52600098]
200	[-376.86566753]
201	[-365.31362915]
202	[-673.25469971]
203	[-681.50928735]
204	[-377.86745844]
205	[-216.39532116]
206	[-371.53359985]
207	[-378.39075103]
208	[-375.69507254]
209	[-496.30394621]
210	[-250.99099236]
211	[-377.43217812]
212	[-459.15612793]
213	[-654.02093506]
214	[-622.84453983]
215	[-475.96127319]
216	[-669.8609778]
217	[-488.05643789]
218	[-249.68245253]
219	[-321.65513043]
220	[-338.53311157]
221	[-635.25290036]
222	[-371.45938666]
223	[-252.96780246]
224	[-374.20887102]
225	[-259.27957153]
226	[-654.07131547]
227	[-124.72557064]
228	[-126.93656158]
229	[-235.77464888]
230	[-474.06707764]
231	[-255.75784338]
232	[-584.34648722]
233	[-646.73223877]
234	[-480.89161888]
235	[-376.54370117]
236	[-482.16409302]
237	[-377.0000158]
238	[-321.82901001]
239	[-481.91207886]
240	[-161.05666397]
241	[-253.38571938]
242	[-373.91003418]
243	[-280.72079468]
244	[-507.57250977]
245	[-371.26068115]
246	[-586.9901123]
247	[-384.06182861]
248	[-489.41506958]
249	[-377.08346558]
250	[-357.21800662]
251	[-457.92294312]
252	[-275.95318254]
253	[-591.9042943]
254	[-259.08220211]
255	[-383.4678616]
256	[-383.88447793]
257	[-553.41195024]
258	[-417.32650757]
259	[-257.38052368]
260	[-252.60514127]
261	[-256.2057162]
262	[-485.89968872]
263	[-340.47740164]
264	[-363.37061954]
265	[-446.55160522]
266	[-375.86853932]
267	[-489.7725643]
268	[-252.60571338]
269	[-469.18950276]
270	[-248.83935547]
271	[-353.9588623]
272	[-254.58872986]
273	[-373.98352051]
274	[-498.90645609]
275	[-490.62558429]
276	[-252.77828979]
277	[-375.09820557]
278	[-371.76829712]
279	[-264.34799194]
280	[-507.59390196]
281	[-472.34899902]
282	[-246.03240492]
283	[-126.32919884]
284	[-381.02142334]
285	[-607.89362385]
286	[-127.89325714]
287	[-254.67189026]
288	[-390.18942261]
289	[-489.14590454]
290	[-547.92840576]
291	[-257.5994873]
292	[-386.59823608]
293	[-607.46200329]
294	[-493.92496779]
295	[-379.4236145]
296	[-469.59579468]
297	[-515.68450928]
298	[-368.94049072]
299	[-127.29787445]
300	[-127.19671008]
301	[-494.69393921]
302	[-380.1522522]
303	[-501.55355835]
304	[-258.78604126]
305	[-370.12646484]
306	[-471.29730225]
307	[-596.15656336]
308	[-255.65343907]
309	[-122.82105255]
310	[-376.1977269]
311	[-372.38909627]
312	[-483.83551025]
313	[-374.91915894]
314	[-126.11532593]
315	[-248.54676819]
316	[-253.85076904]
317	[-251.73799133]
318	[-127.71981812]
319	[-266.12038012]
320	[-251.69230652]
321	[-386.47692871]
322	[-554.26341507]
323	[-236.60432434]
324	[-257.97888184]
325	[-390.21572876]
326	[-128.5852356]
327	[-381.79741272]
328	[-347.66625977]
329	[-342.71392822]
330	[-474.05224729]
331	[-372.95994167]
332	[-178.48094177]
333	[-470.64804077]
334	[-394.01445515]
335	[-406.40627653]
336	[-117.28903198]
337	[-241.01446847]
338	[-305.06558228]
339	[-1.606341]
340	[-259.93515015]
341	[-471.33145142]
342	[-257.22692871]
343	[-129.32011414]
344	[-372.88799804]
345	[-126.59470541]
346	[-244.20921158]
347	[-244.17880249]
348	[-119.33513095]
349	[-385.81906486]
350	[-252.06985474]
351	[-126.34498596]
352	[-252.51418462]
353	[-362.58169556]
354	[-241.71302795]
355	[-130.44039917]
356	[-123.48439026]
357	[-130.28630066]
358	[-500.60415649]
359	[-380.52545166]
360	[-164.36612881]
361	[-256.1685791]
362	[-352.92474365]
363	[-247.01835666]
364	[-126.06932162]
365	[-126.59992981]
366	[-330.48251343]
367	[-487.60927713]
368	[-249.00981215]
369	[-364.26364136]
370	[-128.94139099]
371	[-131.52658081]
372	[-498.63024902]
373	[-1.97404349]
374	[-224.29297324]
375	[-129.55108643]
376	[-250.56800842]
377	[-123.46220398]
378	[-361.98117065]
379	[-452.46221924]
380	[-252.22052002]
381	[-121.86586761]
382	[-117.87968445]
383	[-230.69284058]
384	[-252.36262437]
385	[-6.06925869]
386	[-241.26727934]
387	[-250.74940491]
388	[-280.66324]
389	[-199.25033569]
390	[-381.38491662]
391	[-250.62733001]
392	[-127.48876953]
393	[-139.99339294]
394	[-249.72881367]
395	[-301.47296143]
396	[-131.67230225]
397	[-377.95547485]
398	[-127.275412]
399	[-125.86460876]
400	[-367.32666016]
401	[-370.84927368]
402	[-350.39776611]
403	[-255.57680383]
404	[-133.84823608]
405	[-130.52760315]
406	[-119.63759613]
407	[-130.22434998]
408	[-129.47439575]
409	[-383.42834473]
410	[-243.5663147]
411	[-130.21491871]
412	[-496.29678345]
413	[-348.57788086]
414	[-259.21038818]
415	[-126.7797699]
416	[-129.91116333]
417	[-129.97673035]
418	[-268.32791138]
419	[-371.88717651]
420	[-378.42267626]
421	[-355.47531128]
422	[-132.38731384]
423	[-256.39370728]
424	[-248.53279114]
425	[-133.37866211]
426	[-245.40589905]
427	[-132.17466736]
428	[-131.2203064]
429	[-257.4949646]
430	[-255.02339172]
431	[-372.49089225]
432	[-131.6713562]
433	[-262.05105591]
434	[-5.76887369]
435	[-279.72891235]
436	[-262.46591187]
437	[-460.4437561]
438	[-131.57070923]
439	[-239.0743103]
440	[-263.06732178]
441	[-247.85778809]
442	[-239.00506592]
443	[-134.7522583]
444	[-372.62341309]
445	[-136.38577271]
446	[-131.15222168]
447	[-251.71447134]
448	[-384.02490234]
449	[-253.07058716]
450	[-130.93939209]
451	[-128.83325195]
452	[-251.20610296]
453	[-144.29772949]
454	[-9.55880432]
455	[-8.07618809]
456	[-130.43127441]
457	[-255.42428589]
458	[-132.39245199]
459	[-133.287323]
460	[-132.56049319]
461	[-246.59240723]
462	[-131.54385376]
463	[-256.30709839]
464	[-246.13250732]
465	[-122.57389069]
466	[-58.77030945]
467	[-257.60140991]
468	[-5.02101707]
469	[-130.10899353]
470	[-257.512146]
471	[-348.54907227]
472	[-244.91456604]
473	[-129.61132812]
474	[-351.85272217]
475	[-240.65127563]
476	[-248.38877869]
477	[-369.25799561]
478	[-129.57829285]
479	[-127.1962738]
480	[-358.77862549]
481	[-255.94039917]
482	[-325.23022461]
483	[-134.90238953]
484	[-132.86183614]
485	[-120.44784546]
486	[-131.01441956]
487	[-387.04330444]
488	[-133.62008667]
489	[-130.64964294]
490	[-130.87940979]
491	[-125.08926392]
492	[-374.00146484]
493	[-242.26498413]
494	[-128.37113953]
495	[-129.78561401]
496	[-240.77737427]
497	[-249.28434753]
498	[-127.36448669]
499	[-126.5018701]
500	[-126.57299042]
